0012 [0012]
0016 [0012,0004]
001a [0012,0008]
001e [0012,000c]
003c [0024,0018]
005a [0012,0048]
0112 [0012,0001]
0116 [0012,0004,0001]
011a [0012,0008,0001]
011e [0012,000c,0001]
0121 [0121]
0122 [0002,0012]
0123 [0003,0012]
0125 [0121,0004]
0126 [0006,0012]
0127 [0007,0012]
0129 [0121,0008]
012a [000a,0012]
012b [000b,0012]
012d [0121,000c]
012e [000e,0012]
012f [000f,0012]
0138 [0018,0012]
013c [0018,0024,0001]
015a [0012,0048,0001]
0162 [0002,0012,0004]
0163 [0003,0012,0004]
0164 [0004,0012,0004]
0165 [0005,0012,0004]
0166 [0006,0012,0004]
0167 [0007,0012,0004]
0169 [0121,0048]
016a [000a,0012,0004]
016b [000b,0012,0004]
016c [000c,0012,0004]
016d [000d,0012,0004]
016e [000e,0012,0004]
016f [000f,0012,0004]
0178 [0018,0012,0004]
01a2 [0002,0012,0008]
01a3 [0003,0012,0008]
01a5 [0121,0084]
01a6 [0006,0012,0008]
01a7 [0007,0012,0008]
01aa [000a,0012,0008]
01ab [000b,0012,0008]
01ae [000e,0012,0008]
01af [000f,0012,0008]
01e2 [0002,0012,000c]
01e3 [0003,0012,000c]
01e4 [0004,0012,000c]
01e5 [0005,0012,000c]
01e6 [0006,0012,000c]
01e7 [0007,0012,000c]
01ea [000a,0012,000c]
01eb [000b,0012,000c]
01ee [000e,0012,000c]
01ef [000f,0012,000c]
0312 [0012,0003]
0316 [0012,0004,0003]
0318 [0018,0003]
031a [0012,0008,0003]
031c [0018,0004,0003]
031e [0012,000c,0003]
0334 [0024,0001,0003]
033c [0024,0018,0003]
035a [0012,0048,0003]
0369 [0021,0048,0003]
0378 [0018,0006,0003]
03c3 [0242,0181]
03c4 [0004,0024,0018]
03c5 [0005,0024,0018]
03c6 [0006,0024,0018]
03c7 [0007,0024,0018]
03cc [000c,0024,0018]
03cd [000d,0024,0018]
03cf [000f,0024,0018]
03d2 [0012,0024,0018]
0512 [0012,0005]
0516 [0012,0004,0005]
051a [0012,0008,0005]
051e [0012,000c,0005]
053c [0018,0424,0001]
0552 [0012,0004,0005]
055a [0012,0048,0005]
0578 [0048,0003,0005]
05a2 [0002,0012,0048]
05a3 [0003,0012,0048]
05a5 [0121,0484]
05a7 [0007,0012,0048]
05aa [000a,0012,0048]
05ab [000b,0012,0048]
05af [000f,0012,0048]
0712 [0012,0007]
0716 [0012,0004,0007]
0718 [0018,0007]
071a [0012,0008,0007]
071c [0018,0004,0007]
071e [0012,000c,0007]
0721 [0021,0007]
0725 [0021,0004,0007]
0729 [0021,0008,0007]
072d [0021,000c,0007]
0734 [0024,0001,0007]
0738 [0018,0002,0007]
073c [0024,0018,0007]
0752 [0012,0004,0007]
0758 [0048,0001,0007]
075a [0012,0048,0007]
0778 [0048,0003,0007]
0796 [0012,0484,0003]
07a5 [0021,0484,0003]
07b4 [0024,0009,0007]
07d2 [0012,000c,0007]
0f12 [0012,000f]
0f16 [0012,0004,000f]
0f1a [0012,0008,000f]
0f1e [0012,000c,000f]
0f34 [0024,0001,000f]
0f3c [0024,0018,000f]
0f52 [0012,0004,000f]
0f5a [0012,0048,000f]
0f78 [0048,0003,000f]
1112 [0012,0001,0001]
1116 [0012,0004,0001,0001]
111a [0012,0008,0001,0001]
111e [0012,000c,0001,0001]
1121 [0121,0001]
1122 [0002,0012,0001]
1123 [0003,0012,0001]
1125 [0121,0004,0001]
1126 [0006,0012,0001]
1127 [0007,0012,0001]
1129 [0121,0008,0001]
112a [000a,0012,0001]
112b [000b,0012,0001]
112d [0121,000c,0001]
112e [000e,0012,0001]
112f [000f,0012,0001]
1138 [0018,0012,0001]
113c [0018,0024,0001,0001]
115a [0012,0048,0001,0001]
1162 [0002,0012,0004,0001]
1163 [0003,0012,0004,0001]
1164 [0004,0012,0004,0001]
1165 [0005,0012,0004,0001]
1166 [0006,0012,0004,0001]
1167 [0007,0012,0004,0001]
1169 [0121,0048,0001]
116a [000a,0012,0004,0001]
116b [000b,0012,0004,0001]
116c [000c,0012,0004,0001]
116d [000d,0012,0004,0001]
116e [000e,0012,0004,0001]
116f [000f,0012,0004,0001]
1178 [0018,0012,0004,0001]
11a2 [0002,0012,0008,0001]
11a3 [0003,0012,0008,0001]
11a5 [0121,0084,0001]
11a6 [0006,0012,0008,0001]
11a7 [0007,0012,0008,0001]
11aa [000a,0012,0008,0001]
11ab [000b,0012,0008,0001]
11ae [000e,0012,0008,0001]
11af [000f,0012,0008,0001]
11e2 [0002,0012,000c,0001]
11e3 [0003,0012,000c,0001]
11e4 [0004,0012,000c,0001]
11e5 [0005,0012,000c,0001]
11e6 [0006,0012,000c,0001]
11e7 [0007,0012,000c,0001]
11ea [000a,0012,000c,0001]
11eb [000b,0012,000c,0001]
11ee [000e,0012,000c,0001]
11ef [000f,0012,000c,0001]
1211 [0001,0121]
1212 [1212]
1213 [0003,0121]
1215 [0005,0121]
1216 [1212,0004]
1217 [0007,0121]
1219 [0009,0121]
121a [1212,0008]
121b [000b,0121]
121d [000d,0121]
121e [1212,000c]
121f [000f,0121]
1221 [0021,0012]
1222 [0002,0002,0012]
1223 [0003,0002,0012]
1224 [0024,0012]
1225 [0021,0004,0012]
1226 [0006,0002,0012]
1227 [0007,0002,0012]
1229 [0021,0008,0012]
122a [000a,0002,0012]
122b [000b,0002,0012]
122c [0024,0008,0012]
122d [0021,000c,0012]
122e [000e,0002,0012]
122f [000f,0002,0012]
1231 [0001,0003,0012]
1232 [0002,0003,0012]
1233 [0003,0003,0012]
1234 [0024,0121]
1235 [0005,0003,0012]
1236 [0006,0003,0012]
1237 [0007,0003,0012]
1239 [0009,0003,0012]
123a [000a,0003,0012]
123b [000b,0003,0012]
123c [0024,0018,0012]
123d [000d,0003,0012]
123e [000e,0003,0012]
123f [000f,0003,0012]
1251 [0001,0121,0004]
1253 [0003,0121,0004]
1254 [0004,0121,0004]
1255 [0005,0121,0004]
1256 [0006,0121,0004]
1257 [0007,0121,0004]
1259 [0009,0121,0004]
125a [1212,0048]
125b [000b,0121,0004]
125c [000c,0121,0004]
125d [000d,0121,0004]
125e [000e,0121,0004]
125f [000f,0121,0004]
1262 [0002,0006,0012]
1263 [0003,0006,0012]
1264 [0004,0006,0012]
1265 [0005,0006,0012]
1266 [0006,0006,0012]
1267 [0007,0006,0012]
1269 [0021,0048,0012]
126a [000a,0006,0012]
126b [000b,0006,0012]
126c [000c,0006,0012]
126d [000d,0006,0012]
126e [000e,0006,0012]
126f [000f,0006,0012]
1271 [0001,0007,0012]
1272 [0002,0007,0012]
1273 [0003,0007,0012]
1274 [0004,0007,0012]
1275 [0005,0007,0012]
1276 [0006,0007,0012]
1277 [0007,0007,0012]
1279 [0009,0007,0012]
127a [000a,0007,0012]
127b [000b,0007,0012]
127c [000c,0007,0012]
127d [000d,0007,0012]
127e [000e,0007,0012]
127f [000f,0007,0012]
1291 [0001,0121,0008]
1293 [0003,0121,0008]
1295 [0005,0121,0008]
1296 [1212,0084]
1297 [0007,0121,0008]
1298 [0008,0121,0008]
1299 [0009,0121,0008]
129a [000a,0121,0008]
129b [000b,0121,0008]
129c [000c,0121,0008]
129d [000d,0121,0008]
129e [000e,0121,0008]
129f [000f,0121,0008]
12a2 [0002,000a,0012]
12a3 [0003,000a,0012]
12a5 [0021,0084,0012]
12a6 [0006,000a,0012]
12a7 [0007,000a,0012]
12a8 [0008,000a,0012]
12a9 [0009,000a,0012]
12aa [000a,000a,0012]
12ab [000b,000a,0012]
12ac [000c,000a,0012]
12ad [000d,000a,0012]
12ae [000e,000a,0012]
12af [000f,000a,0012]
12b1 [0001,000b,0012]
12b2 [0002,000b,0012]
12b3 [0003,000b,0012]
12b4 [0024,0121,0008]
12b5 [0005,000b,0012]
12b6 [0006,000b,0012]
12b7 [0007,000b,0012]
12b8 [0008,000b,0012]
12b9 [0009,000b,0012]
12ba [000a,000b,0012]
12bb [000b,000b,0012]
12bc [000c,000b,0012]
12bd [000d,000b,0012]
12be [000e,000b,0012]
12bf [000f,000b,0012]
12d1 [0001,0121,000c]
12d3 [0003,0121,000c]
12d4 [0004,0121,000c]
12d5 [0005,0121,000c]
12d6 [0006,0121,000c]
12d7 [0007,0121,000c]
12d8 [0008,0121,000c]
12d9 [0009,0121,000c]
12da [000a,0121,000c]
12db [000b,0121,000c]
12dc [000c,0121,000c]
12dd [000d,0121,000c]
12de [000e,0121,000c]
12df [000f,0121,000c]
12e2 [0002,000e,0012]
12e3 [0003,000e,0012]
12e4 [0004,000e,0012]
12e5 [0005,000e,0012]
12e6 [0006,000e,0012]
12e7 [0007,000e,0012]
12e8 [0008,000e,0012]
12e9 [0009,000e,0012]
12ea [000a,000e,0012]
12eb [000b,000e,0012]
12ec [000c,000e,0012]
12ed [000d,000e,0012]
12ee [000e,000e,0012]
12ef [000f,000e,0012]
12f1 [0001,000f,0012]
12f2 [0002,000f,0012]
12f3 [0003,000f,0012]
12f4 [0004,000f,0012]
12f5 [0005,000f,0012]
12f6 [0006,000f,0012]
12f7 [0007,000f,0012]
12f8 [0008,000f,0012]
12f9 [0009,000f,0012]
12fa [000a,000f,0012]
12fb [000b,000f,0012]
12fc [000c,000f,0012]
12fd [000d,000f,0012]
12fe [000e,000f,0012]
12ff [000f,000f,0012]
1312 [0012,0003,0001]
1316 [0012,0004,0003,0001]
1318 [0018,0003,0001]
131a [0012,0008,0003,0001]
131c [0018,0004,0003,0001]
131e [0012,000c,0003,0001]
1321 [0021,0003,0001]
1324 [0024,0003,0001]
1325 [0021,0004,0003,0001]
1329 [0021,0008,0003,0001]
132c [0024,0008,0003,0001]
132d [0021,000c,0003,0001]
1334 [0024,0001,0003,0001]
1338 [0018,0002,0003,0001]
133c [0024,0018,0003,0001]
135a [0012,0048,0003,0001]
1369 [0021,0048,0003,0001]
1378 [0018,0006,0003,0001]
1381 [0181,0012]
1383 [0181,0002,0012]
1385 [0181,0004,0012]
1387 [0181,0006,0012]
1388 [0008,0018,0012]
1389 [0009,0018,0012]
138a [000a,0018,0012]
138b [000b,0018,0012]
138c [000c,0018,0012]
138d [000d,0018,0012]
138e [000e,0018,0012]
138f [000f,0018,0012]
1392 [0012,0018,0012]
1396 [0012,0084,0003,0001]
13a1 [0181,0002,0012]
13a4 [0024,0018,0012]
13a5 [0181,0024,0012]
13b4 [0024,0009,0003,0001]
13c3 [0181,0242,0001]
13c4 [0004,0018,0024,0001]
13c5 [0005,0018,0024,0001]
13c6 [0006,0018,0024,0001]
13c7 [0007,0018,0024,0001]
13c8 [0008,0018,0024,0001]
13c9 [0009,0018,0024,0001]
13ca [000a,0018,0024,0001]
13cb [000b,0018,0024,0001]
13cc [000c,0018,0024,0001]
13cd [000d,0018,0024,0001]
13ce [000e,0018,0024,0001]
13cf [000f,0018,0024,0001]
13d2 [0012,0018,0024,0001]
13e1 [0181,0006,0012]
1512 [0012,0005,0001]
1516 [0012,0004,0005,0001]
151a [0012,0008,0005,0001]
151e [0012,000c,0005,0001]
153c [0018,0424,0001,0001]
1542 [0042,0005,0001]
1543 [0042,0001,0005,0001]
154a [0042,0008,0005,0001]
154b [0042,0009,0005,0001]
1552 [0012,0004,0005,0001]
155a [0012,0048,0005,0001]
1569 [0121,0048,0004,0001]
1578 [0048,0003,0005,0001]
15a2 [0002,0012,0048,0001]
15a3 [0003,0012,0048,0001]
15a5 [0121,0484,0001]
15a6 [0006,0012,0048,0001]
15a7 [0007,0012,0048,0001]
15aa [000a,0012,0048,0001]
15ab [000b,0012,0048,0001]
15ae [000e,0012,0048,0001]
15af [000f,0012,0048,0001]
1621 [0021,0012,0004]
1622 [0002,0002,0012,0004]
1623 [0003,0002,0012,0004]
1624 [0024,0012,0004]
1625 [0021,0004,0012,0004]
1626 [0006,0002,0012,0004]
1627 [0007,0002,0012,0004]
1629 [0021,0008,0012,0004]
162a [000a,0002,0012,0004]
162b [000b,0002,0012,0004]
162c [0024,0008,0012,0004]
162d [0021,000c,0012,0004]
162e [000e,0002,0012,0004]
162f [000f,0002,0012,0004]
1631 [0001,0003,0012,0004]
1632 [0002,0003,0012,0004]
1633 [0003,0003,0012,0004]
1635 [0005,0003,0012,0004]
1636 [0006,0003,0012,0004]
1637 [0007,0003,0012,0004]
1639 [0009,0003,0012,0004]
163a [000a,0003,0012,0004]
163b [000b,0003,0012,0004]
163c [0024,0018,0012,0004]
163d [000d,0003,0012,0004]
163e [000e,0003,0012,0004]
163f [000f,0003,0012,0004]
1642 [0042,0012,0004]
1643 [0042,0001,0012,0004]
1644 [0004,0004,0012,0004]
1645 [0005,0004,0012,0004]
1646 [0006,0004,0012,0004]
1647 [0007,0004,0012,0004]
1648 [0048,0012,0004]
1649 [0048,0001,0012,0004]
164a [0042,0008,0012,0004]
164b [0042,0009,0012,0004]
164c [000c,0004,0012,0004]
164d [000d,0004,0012,0004]
164e [000e,0004,0012,0004]
164f [000f,0004,0012,0004]
1651 [0001,0005,0012,0004]
1653 [0003,0005,0012,0004]
1654 [0004,0005,0012,0004]
1655 [0005,0005,0012,0004]
1656 [0006,0005,0012,0004]
1657 [0007,0005,0012,0004]
1659 [0009,0005,0012,0004]
165a [0042,0018,0012,0004]
165b [000b,0005,0012,0004]
165c [000c,0005,0012,0004]
165d [000d,0005,0012,0004]
165e [000e,0005,0012,0004]
165f [000f,0005,0012,0004]
1661 [0021,0004,0012,0004]
1662 [0002,0006,0012,0004]
1663 [0003,0006,0012,0004]
1664 [0004,0006,0012,0004]
1665 [0005,0006,0012,0004]
1666 [0006,0006,0012,0004]
1667 [0007,0006,0012,0004]
1668 [0048,0002,0012,0004]
1669 [0021,0048,0012,0004]
166a [000a,0006,0012,0004]
166b [000b,0006,0012,0004]
166c [000c,0006,0012,0004]
166d [000d,0006,0012,0004]
166e [000e,0006,0012,0004]
166f [000f,0006,0012,0004]
1671 [0001,0007,0012,0004]
1672 [0002,0007,0012,0004]
1673 [0003,0007,0012,0004]
1674 [0004,0007,0012,0004]
1675 [0005,0007,0012,0004]
1676 [0006,0007,0012,0004]
1677 [0007,0007,0012,0004]
1678 [0048,0003,0012,0004]
1679 [0009,0007,0012,0004]
167a [000a,0007,0012,0004]
167b [000b,0007,0012,0004]
167c [000c,0007,0012,0004]
167d [000d,0007,0012,0004]
167e [000e,0007,0012,0004]
167f [000f,0007,0012,0004]
1691 [0001,0121,0048]
1693 [0003,0121,0048]
1695 [0005,0121,0048]
1696 [1212,0484]
1697 [0007,0121,0048]
1698 [0008,0121,0048]
1699 [0009,0121,0048]
169a [000a,0121,0048]
169b [000b,0121,0048]
169c [000c,0121,0048]
169d [000d,0121,0048]
169e [000e,0121,0048]
169f [000f,0121,0048]
16a2 [0002,000a,0012,0004]
16a3 [0003,000a,0012,0004]
16a5 [0021,0484,0012]
16a6 [0006,000a,0012,0004]
16a7 [0007,000a,0012,0004]
16a8 [0008,000a,0012,0004]
16a9 [0009,000a,0012,0004]
16aa [000a,000a,0012,0004]
16ab [000b,000a,0012,0004]
16ac [000c,000a,0012,0004]
16ad [000d,000a,0012,0004]
16ae [000e,000a,0012,0004]
16af [000f,000a,0012,0004]
16b1 [0001,000b,0012,0004]
16b2 [0002,000b,0012,0004]
16b3 [0003,000b,0012,0004]
16b4 [0024,0121,0048]
16b5 [0005,000b,0012,0004]
16b6 [0006,000b,0012,0004]
16b7 [0007,000b,0012,0004]
16b8 [0008,000b,0012,0004]
16b9 [0009,000b,0012,0004]
16ba [000a,000b,0012,0004]
16bb [000b,000b,0012,0004]
16bc [000c,000b,0012,0004]
16bd [000d,000b,0012,0004]
16be [000e,000b,0012,0004]
16bf [000f,000b,0012,0004]
16c3 [0042,0081,0012,0004]
16c4 [0004,000c,0012,0004]
16c5 [0005,000c,0012,0004]
16c6 [0006,000c,0012,0004]
16c7 [0007,000c,0012,0004]
16c8 [0008,000c,0012,0004]
16c9 [0009,000c,0012,0004]
16ca [000a,000c,0012,0004]
16cb [000b,000c,0012,0004]
16cc [000c,000c,0012,0004]
16cd [000d,000c,0012,0004]
16ce [000e,000c,0012,0004]
16cf [000f,000c,0012,0004]
16d1 [0001,000d,0012,0004]
16d2 [0042,0121,0048]
16d3 [0003,000d,0012,0004]
16d4 [0004,000d,0012,0004]
16d5 [0005,000d,0012,0004]
16d6 [0006,000d,0012,0004]
16d7 [0007,000d,0012,0004]
16d8 [0008,000d,0012,0004]
16d9 [0009,000d,0012,0004]
16da [000a,000d,0012,0004]
16db [000b,000d,0012,0004]
16dc [000c,000d,0012,0004]
16dd [000d,000d,0012,0004]
16de [000e,000d,0012,0004]
16df [000f,000d,0012,0004]
16e1 [0021,000c,0012,0004]
16e2 [0002,000e,0012,0004]
16e3 [0003,000e,0012,0004]
16e4 [0004,000e,0012,0004]
16e5 [0005,000e,0012,0004]
16e6 [0006,000e,0012,0004]
16e7 [0007,000e,0012,0004]
16e8 [0008,000e,0012,0004]
16e9 [0009,000e,0012,0004]
16ea [000a,000e,0012,0004]
16eb [000b,000e,0012,0004]
16ec [000c,000e,0012,0004]
16ed [000d,000e,0012,0004]
16ee [000e,000e,0012,0004]
16ef [000f,000e,0012,0004]
16f1 [0001,000f,0012,0004]
16f2 [0002,000f,0012,0004]
16f3 [0003,000f,0012,0004]
16f4 [0004,000f,0012,0004]
16f5 [0005,000f,0012,0004]
16f6 [0006,000f,0012,0004]
16f7 [0007,000f,0012,0004]
16f8 [0008,000f,0012,0004]
16f9 [0009,000f,0012,0004]
16fa [000a,000f,0012,0004]
16fb [000b,000f,0012,0004]
16fc [000c,000f,0012,0004]
16fd [000d,000f,0012,0004]
16fe [000e,000f,0012,0004]
16ff [000f,000f,0012,0004]
1712 [0012,0007,0001]
1716 [0012,0004,0007,0001]
1718 [0018,0007,0001]
171a [0012,0008,0007,0001]
171c [0018,0004,0007,0001]
171e [0012,000c,0007,0001]
1721 [0021,0007,0001]
1724 [0024,0007,0001]
1725 [0021,0004,0007,0001]
1729 [0021,0008,0007,0001]
172c [0024,0008,0007,0001]
172d [0021,000c,0007,0001]
1734 [0024,0001,0007,0001]
1738 [0018,0002,0007,0001]
173c [0024,0018,0007,0001]
1742 [0042,0007,0001]
1743 [0042,0001,0007,0001]
1748 [0048,0007,0001]
1749 [0048,0001,0007,0001]
174a [0042,0008,0007,0001]
174b [0042,0009,0007,0001]
1752 [0012,0004,0007,0001]
1758 [0048,0001,0007,0001]
175a [0012,0048,0007,0001]
1761 [0021,0004,0007,0001]
1768 [0048,0002,0007,0001]
1769 [0021,0048,0007,0001]
1778 [0048,0003,0007,0001]
1781 [0181,0012,0004]
1783 [0181,0002,0012,0004]
1785 [0181,0004,0012,0004]
1787 [0181,0006,0012,0004]
1788 [0008,0018,0012,0004]
1789 [0009,0018,0012,0004]
178a [000a,0018,0012,0004]
178b [000b,0018,0012,0004]
178c [000c,0018,0012,0004]
178d [000d,0018,0012,0004]
178e [000e,0018,0012,0004]
178f [000f,0018,0012,0004]
1792 [0012,0018,0012,0004]
1796 [0012,0484,0003,0001]
17a1 [0181,0002,0012,0004]
17a4 [0024,0018,0012,0004]
17a5 [0181,0024,0012,0004]
17b4 [0024,0009,0007,0001]
17c1 [0181,0004,0012,0004]
17c2 [0042,0018,0012,0004]
17c3 [0181,0042,0012,0004]
17d2 [0012,000c,0007,0001]
17e1 [0181,0006,0012,0004]
1a21 [0021,0012,0008]
1a22 [0002,0002,0012,0008]
1a23 [0003,0002,0012,0008]
1a24 [0024,0012,0008]
1a25 [0021,0004,0012,0008]
1a26 [0006,0002,0012,0008]
1a27 [0007,0002,0012,0008]
1a29 [0021,0008,0012,0008]
1a2a [000a,0002,0012,0008]
1a2b [000b,0002,0012,0008]
1a2c [0024,0008,0012,0008]
1a2d [0021,000c,0012,0008]
1a2e [000e,0002,0012,0008]
1a2f [000f,0002,0012,0008]
1a31 [0001,0003,0012,0008]
1a32 [0002,0003,0012,0008]
1a33 [0003,0003,0012,0008]
1a35 [0005,0003,0012,0008]
1a36 [0006,0003,0012,0008]
1a37 [0007,0003,0012,0008]
1a39 [0009,0003,0012,0008]
1a3a [000a,0003,0012,0008]
1a3b [000b,0003,0012,0008]
1a3c [0024,1818,0002]
1a3d [000d,0003,0012,0008]
1a3e [000e,0003,0012,0008]
1a3f [000f,0003,0012,0008]
1a51 [0001,0121,0084]
1a53 [0003,0121,0084]
1a54 [0004,0121,0084]
1a55 [0005,0121,0084]
1a56 [0006,0121,0084]
1a57 [0007,0121,0084]
1a5a [1212,0848]
1a5b [000b,0121,0084]
1a5e [000e,0121,0084]
1a5f [000f,0121,0084]
1a62 [0002,0006,0012,0008]
1a63 [0003,0006,0012,0008]
1a64 [0004,0006,0012,0008]
1a65 [0005,0006,0012,0008]
1a66 [0006,0006,0012,0008]
1a67 [0007,0006,0012,0008]
1a69 [0021,0848,0012]
1a6a [000a,0006,0012,0008]
1a6b [000b,0006,0012,0008]
1a6c [000c,0006,0012,0008]
1a6d [000d,0006,0012,0008]
1a6e [000e,0006,0012,0008]
1a6f [000f,0006,0012,0008]
1a71 [0001,0007,0012,0008]
1a72 [0002,0007,0012,0008]
1a73 [0003,0007,0012,0008]
1a74 [0004,0007,0012,0008]
1a75 [0005,0007,0012,0008]
1a76 [0006,0007,0012,0008]
1a77 [0007,0007,0012,0008]
1a79 [0009,0007,0012,0008]
1a7a [000a,0007,0012,0008]
1a7b [000b,0007,0012,0008]
1a7c [000c,0007,0012,0008]
1a7d [000d,0007,0012,0008]
1a7e [000e,0007,0012,0008]
1a7f [000f,0007,0012,0008]
1aa1 [0021,0008,0012,0008]
1aa2 [0002,000a,0012,0008]
1aa3 [0003,000a,0012,0008]
1aa4 [0024,0008,0012,0008]
1aa5 [0021,0084,0012,0008]
1aa6 [0006,000a,0012,0008]
1aa7 [0007,000a,0012,0008]
1aaa [000a,000a,0012,0008]
1aab [000b,000a,0012,0008]
1aae [000e,000a,0012,0008]
1aaf [000f,000a,0012,0008]
1ab1 [0001,000b,0012,0008]
1ab2 [0002,000b,0012,0008]
1ab3 [0003,000b,0012,0008]
1ab4 [0024,0009,0012,0008]
1ab5 [0005,000b,0012,0008]
1ab6 [0006,000b,0012,0008]
1ab7 [0007,000b,0012,0008]
1aba [000a,000b,0012,0008]
1abb [000b,000b,0012,0008]
1abe [000e,000b,0012,0008]
1abf [000f,000b,0012,0008]
1ae1 [0021,000c,0012,0008]
1ae2 [0002,000e,0012,0008]
1ae3 [0003,000e,0012,0008]
1ae4 [0004,000e,0012,0008]
1ae5 [0005,000e,0012,0008]
1ae6 [0006,000e,0012,0008]
1ae7 [0007,000e,0012,0008]
1aea [000a,000e,0012,0008]
1aeb [000b,000e,0012,0008]
1aee [000e,000e,0012,0008]
1aef [000f,000e,0012,0008]
1af1 [0001,000f,0012,0008]
1af2 [0002,000f,0012,0008]
1af3 [0003,000f,0012,0008]
1af4 [0004,000f,0012,0008]
1af5 [0005,000f,0012,0008]
1af6 [0006,000f,0012,0008]
1af7 [0007,000f,0012,0008]
1afa [000a,000f,0012,0008]
1afb [000b,000f,0012,0008]
1afe [000e,000f,0012,0008]
1aff [000f,000f,0012,0008]
1b12 [0012,000b,0001]
1b16 [0012,0004,000b,0001]
1b1a [0012,0008,000b,0001]
1b1e [0012,000c,000b,0001]
1b21 [0021,000b,0001]
1b24 [0024,000b,0001]
1b25 [0021,0004,000b,0001]
1b29 [0021,0008,000b,0001]
1b2c [0024,0008,000b,0001]
1b2d [0021,000c,000b,0001]
1b34 [0024,0001,000b,0001]
1b38 [0018,0002,000b,0001]
1b3c [0024,0018,000b,0001]
1b5a [0012,0848,0003,0001]
1b69 [0021,0848,0003,0001]
1b78 [0018,0006,000b,0001]
1ba1 [0021,0008,000b,0001]
1ba4 [0024,0008,000b,0001]
1ba5 [0021,0084,000b,0001]
1bb4 [0024,0009,000b,0001]
1be1 [0021,000c,000b,0001]
1e21 [0021,0012,000c]
1e22 [0002,0002,0012,000c]
1e23 [0003,0002,0012,000c]
1e24 [0024,0012,000c]
1e25 [0021,0004,0012,000c]
1e26 [0006,0002,0012,000c]
1e27 [0007,0002,0012,000c]
1e29 [0021,0008,0012,000c]
1e2a [000a,0002,0012,000c]
1e2b [000b,0002,0012,000c]
1e2c [0024,0008,0012,000c]
1e2d [0021,000c,0012,000c]
1e2e [000e,0002,0012,000c]
1e2f [000f,0002,0012,000c]
1e31 [0001,0003,0012,000c]
1e32 [0002,0003,0012,000c]
1e33 [0003,0003,0012,000c]
1e35 [0005,0003,0012,000c]
1e36 [0006,0003,0012,000c]
1e37 [0007,0003,0012,000c]
1e39 [0009,0003,0012,000c]
1e3a [000a,0003,0012,000c]
1e3b [000b,0003,0012,000c]
1e3c [0024,1818,0006]
1e3d [000d,0003,0012,000c]
1e3e [000e,0003,0012,000c]
1e3f [000f,0003,0012,000c]
1e42 [0042,0012,000c]
1e43 [0042,0001,0012,000c]
1e44 [0004,0004,0012,000c]
1e45 [0005,0004,0012,000c]
1e46 [0006,0004,0012,000c]
1e47 [0007,0004,0012,000c]
1e4a [0042,0008,0012,000c]
1e4b [0042,0009,0012,000c]
1e4e [000e,0004,0012,000c]
1e4f [000f,0004,0012,000c]
1e51 [0001,0005,0012,000c]
1e53 [0003,0005,0012,000c]
1e54 [0004,0005,0012,000c]
1e55 [0005,0005,0012,000c]
1e56 [0006,0005,0012,000c]
1e57 [0007,0005,0012,000c]
1e5a [0042,1818,0006]
1e5b [000b,0005,0012,000c]
1e5e [000e,0005,0012,000c]
1e5f [000f,0005,0012,000c]
1e61 [0021,0004,0012,000c]
1e62 [0002,0006,0012,000c]
1e63 [0003,0006,0012,000c]
1e64 [0004,0006,0012,000c]
1e65 [0005,0006,0012,000c]
1e66 [0006,0006,0012,000c]
1e67 [0007,0006,0012,000c]
1e68 [0048,0002,0012,000c]
1e69 [0021,0048,0012,000c]
1e6a [000a,0006,0012,000c]
1e6b [000b,0006,0012,000c]
1e6c [000c,0006,0012,000c]
1e6d [000d,0006,0012,000c]
1e6e [000e,0006,0012,000c]
1e6f [000f,0006,0012,000c]
1e71 [0001,0007,0012,000c]
1e72 [0002,0007,0012,000c]
1e73 [0003,0007,0012,000c]
1e74 [0004,0007,0012,000c]
1e75 [0005,0007,0012,000c]
1e76 [0006,0007,0012,000c]
1e77 [0007,0007,0012,000c]
1e78 [0048,0003,0012,000c]
1e79 [0009,0007,0012,000c]
1e7a [000a,0007,0012,000c]
1e7b [000b,0007,0012,000c]
1e7c [000c,0007,0012,000c]
1e7d [000d,0007,0012,000c]
1e7e [000e,0007,0012,000c]
1e7f [000f,0007,0012,000c]
1ea1 [0021,0008,0012,000c]
1ea2 [0002,000a,0012,000c]
1ea3 [0003,000a,0012,000c]
1ea4 [0024,0008,0012,000c]
1ea5 [0021,0084,0012,000c]
1ea6 [0006,000a,0012,000c]
1ea7 [0007,000a,0012,000c]
1eaa [000a,000a,0012,000c]
1eab [000b,000a,0012,000c]
1eae [000e,000a,0012,000c]
1eaf [000f,000a,0012,000c]
1eb1 [0001,000b,0012,000c]
1eb2 [0002,000b,0012,000c]
1eb3 [0003,000b,0012,000c]
1eb4 [0024,0009,0012,000c]
1eb5 [0005,000b,0012,000c]
1eb6 [0006,000b,0012,000c]
1eb7 [0007,000b,0012,000c]
1eba [000a,000b,0012,000c]
1ebb [000b,000b,0012,000c]
1ebe [000e,000b,0012,000c]
1ebf [000f,000b,0012,000c]
1ee1 [0021,000c,0012,000c]
1ee2 [0002,000e,0012,000c]
1ee3 [0003,000e,0012,000c]
1ee4 [0004,000e,0012,000c]
1ee5 [0005,000e,0012,000c]
1ee6 [0006,000e,0012,000c]
1ee7 [0007,000e,0012,000c]
1eea [000a,000e,0012,000c]
1eeb [000b,000e,0012,000c]
1eee [000e,000e,0012,000c]
1eef [000f,000e,0012,000c]
1ef1 [0001,000f,0012,000c]
1ef2 [0002,000f,0012,000c]
1ef3 [0003,000f,0012,000c]
1ef4 [0004,000f,0012,000c]
1ef5 [0005,000f,0012,000c]
1ef6 [0006,000f,0012,000c]
1ef7 [0007,000f,0012,000c]
1efa [000a,000f,0012,000c]
1efb [000b,000f,0012,000c]
1efe [000e,000f,0012,000c]
1eff [000f,000f,0012,000c]
1f12 [0012,000f,0001]
1f16 [0012,0004,000f,0001]
1f1a [0012,0008,000f,0001]
1f1e [0012,000c,000f,0001]
1f21 [0021,000f,0001]
1f24 [0024,000f,0001]
1f25 [0021,0004,000f,0001]
1f29 [0021,0008,000f,0001]
1f2c [0024,0008,000f,0001]
1f2d [0021,000c,000f,0001]
1f34 [0024,0001,000f,0001]
1f38 [0018,0002,000f,0001]
1f3c [0024,0018,000f,0001]
1f42 [0042,000f,0001]
1f43 [0042,0001,000f,0001]
1f4a [0042,0008,000f,0001]
1f4b [0042,0009,000f,0001]
1f52 [0012,0004,000f,0001]
1f5a [0012,0048,000f,0001]
1f61 [0021,0004,000f,0001]
1f68 [0048,0002,000f,0001]
1f69 [0021,0048,000f,0001]
1f78 [0048,0003,000f,0001]
1fa1 [0021,0008,000f,0001]
1fa4 [0024,0008,000f,0001]
1fa5 [0021,0084,000f,0001]
1fb4 [0024,0009,000f,0001]
1fe1 [0021,000c,000f,0001]
3112 [0012,0001,0003]
3116 [0012,0004,0001,0003]
3118 [0018,0001,0003]
311a [0012,0008,0001,0003]
311c [0018,0004,0001,0003]
311e [0012,000c,0001,0003]
3121 [0121,0003]
3122 [0002,0012,0003]
3123 [0003,0012,0003]
3125 [0121,0004,0003]
3126 [0006,0012,0003]
3127 [0007,0012,0003]
3129 [0121,0008,0003]
312a [000a,0012,0003]
312b [000b,0012,0003]
312d [0121,000c,0003]
312e [000e,0012,0003]
312f [000f,0012,0003]
3138 [0018,0012,0003]
313c [0018,0024,0001,0003]
315a [0012,0048,0001,0003]
3162 [0002,0012,0004,0003]
3163 [0003,0012,0004,0003]
3164 [0004,0012,0004,0003]
3165 [0005,0012,0004,0003]
3166 [0006,0012,0004,0003]
3167 [0007,0012,0004,0003]
3169 [0121,0048,0003]
316a [000a,0012,0004,0003]
316b [000b,0012,0004,0003]
316c [000c,0012,0004,0003]
316d [000d,0012,0004,0003]
316e [000e,0012,0004,0003]
316f [000f,0012,0004,0003]
3178 [0018,0012,0004,0003]
3181 [0181,0003]
3183 [0181,0002,0003]
3185 [0181,0004,0003]
3187 [0181,0006,0003]
3188 [0008,0018,0003]
3189 [0009,0018,0003]
318a [000a,0018,0003]
318b [000b,0018,0003]
318c [000c,0018,0003]
318d [000d,0018,0003]
318e [000e,0018,0003]
318f [000f,0018,0003]
3192 [0012,0018,0003]
3196 [0012,0084,0001,0003]
31a2 [0002,0012,0008,0003]
31a3 [0003,0012,0008,0003]
31a5 [0121,0084,0003]
31a6 [0006,0012,0008,0003]
31a7 [0007,0012,0008,0003]
31a8 [0008,0012,0008,0003]
31a9 [0009,0012,0008,0003]
31aa [000a,0012,0008,0003]
31ab [000b,0012,0008,0003]
31ac [000c,0012,0008,0003]
31ad [000d,0012,0008,0003]
31ae [000e,0012,0008,0003]
31af [000f,0012,0008,0003]
31c3 [0181,0042,0003]
31c4 [0004,0018,0004,0003]
31c5 [0005,0018,0004,0003]
31c6 [0006,0018,0004,0003]
31c7 [0007,0018,0004,0003]
31c8 [0008,0018,0004,0003]
31c9 [0009,0018,0004,0003]
31ca [000a,0018,0004,0003]
31cb [000b,0018,0004,0003]
31cc [000c,0018,0004,0003]
31cd [000d,0018,0004,0003]
31ce [000e,0018,0004,0003]
31cf [000f,0018,0004,0003]
31d2 [0012,0018,0004,0003]
31e2 [0002,0012,000c,0003]
31e3 [0003,0012,000c,0003]
31e4 [0004,0012,000c,0003]
31e5 [0005,0012,000c,0003]
31e6 [0006,0012,000c,0003]
31e7 [0007,0012,000c,0003]
31e8 [0008,0012,000c,0003]
31e9 [0009,0012,000c,0003]
31ea [000a,0012,000c,0003]
31eb [000b,0012,000c,0003]
31ec [000c,0012,000c,0003]
31ed [000d,0012,000c,0003]
31ee [000e,0012,000c,0003]
31ef [000f,0012,000c,0003]
3312 [0012,0003,0003]
3316 [0012,0004,0003,0003]
3318 [0018,0003,0003]
331a [0012,0008,0003,0003]
331c [0018,0004,0003,0003]
331e [0012,000c,0003,0003]
3334 [0024,0001,0003,0003]
333c [0024,0018,0003,0003]
3342 [0242,0001,0003]
3343 [0242,0001,0001,0003]
3344 [0004,0024,0001,0003]
3345 [0005,0024,0001,0003]
3346 [0006,0024,0001,0003]
3347 [0007,0024,0001,0003]
334a [0242,0008,0001,0003]
334b [0242,0009,0001,0003]
334c [000c,0024,0001,0003]
334d [000d,0024,0001,0003]
334e [000e,0024,0001,0003]
334f [000f,0024,0001,0003]
3352 [0242,0001,0001,0003]
3358 [0018,0024,0001,0003]
335a [0242,0018,0001,0003]
3361 [0021,0024,0001,0003]
3369 [0021,0048,0003,0003]
3378 [0018,0006,0003,0003]
33c1 [0181,0024,0003]
33c3 [0242,0181,0003]
33c4 [0004,0024,0018,0003]
33c5 [0005,0024,0018,0003]
33c6 [0006,0024,0018,0003]
33c7 [0007,0024,0018,0003]
33cc [000c,0024,0018,0003]
33cd [000d,0024,0018,0003]
33cf [000f,0024,0018,0003]
33d2 [0242,0009,0001,0003]
3512 [0012,0005,0003]
3516 [0012,0004,0005,0003]
3518 [0018,0005,0003]
351a [0012,0008,0005,0003]
351c [0018,0004,0005,0003]
351e [0012,000c,0005,0003]
353c [0018,2424,0001,0001]
3542 [0042,0005,0003]
3543 [0042,0001,0005,0003]
3548 [0048,0005,0003]
3549 [0048,0001,0005,0003]
354a [0042,0008,0005,0003]
354b [0042,0009,0005,0003]
3552 [0012,0004,0005,0003]
3558 [0048,0001,0005,0003]
355a [0012,0048,0005,0003]
3569 [0121,0048,0024,0001]
3578 [0048,0003,0005,0003]
3596 [0012,0484,0001,0003]
35a2 [0002,0012,0048,0003]
35a3 [0003,0012,0048,0003]
35a5 [0121,0484,0003]
35a6 [0006,0012,0048,0003]
35a7 [0007,0012,0048,0003]
35a8 [0008,0012,0048,0003]
35a9 [0009,0012,0048,0003]
35aa [000a,0012,0048,0003]
35ab [000b,0012,0048,0003]
35ac [000c,0012,0048,0003]
35ad [000d,0012,0048,0003]
35ae [000e,0012,0048,0003]
35af [000f,0012,0048,0003]
35c3 [0181,0042,0024,0001]
35d2 [0012,000c,0005,0003]
3621 [0021,0006,0003]
3624 [0024,0006,0003]
3625 [0021,0004,0006,0003]
3629 [0021,0008,0006,0003]
362c [0024,0008,0006,0003]
362d [0021,000c,0006,0003]
363c [0024,0018,0006,0003]
3642 [0042,0006,0003]
3643 [0042,0001,0006,0003]
3648 [0048,0006,0003]
3649 [0048,0001,0006,0003]
364a [0042,0008,0006,0003]
364b [0042,0009,0006,0003]
3661 [0021,0004,0006,0003]
3668 [0048,0002,0006,0003]
3669 [0021,0048,0006,0003]
3678 [0048,0003,0006,0003]
3691 [0001,0021,0048,0003]
3693 [0003,0021,0048,0003]
3695 [0005,0021,0048,0003]
3696 [0212,0484,0003]
3697 [0007,0021,0048,0003]
3698 [0008,0021,0048,0003]
3699 [0009,0021,0048,0003]
369a [000a,0021,0048,0003]
369b [000b,0021,0048,0003]
369c [000c,0021,0048,0003]
369d [000d,0021,0048,0003]
369e [000e,0021,0048,0003]
369f [000f,0021,0048,0003]
36a5 [0021,0484,0002,0003]
36b4 [0024,0021,0048,0003]
36c3 [0042,0081,0006,0003]
36e1 [0021,000c,0006,0003]
3712 [0012,0007,0003]
3716 [0012,0004,0007,0003]
3718 [0018,0007,0003]
371a [0012,0008,0007,0003]
371c [0018,0004,0007,0003]
371e [0012,000c,0007,0003]
3721 [0021,0007,0003]
3724 [0024,0007,0003]
3725 [0021,0004,0007,0003]
3729 [0021,0008,0007,0003]
372c [0024,0008,0007,0003]
372d [0021,000c,0007,0003]
3734 [0024,0001,0007,0003]
3738 [0018,0002,0007,0003]
373c [0024,0018,0007,0003]
3742 [0042,0007,0003]
3743 [0042,0001,0007,0003]
3748 [0048,0007,0003]
3749 [0048,0001,0007,0003]
374a [0042,0008,0007,0003]
374b [0042,0009,0007,0003]
3752 [0012,0004,0007,0003]
3758 [0048,0001,0007,0003]
375a [0012,0048,0007,0003]
3761 [0021,0004,0007,0003]
3768 [0048,0002,0007,0003]
3769 [0021,0048,0007,0003]
3778 [0048,0003,0007,0003]
3781 [0181,0006,0003]
3783 [0181,0002,0006,0003]
3785 [0181,0004,0006,0003]
3787 [0181,0006,0006,0003]
3788 [0008,0018,0006,0003]
3789 [0009,0018,0006,0003]
378a [000a,0018,0006,0003]
378b [000b,0018,0006,0003]
378c [000c,0018,0006,0003]
378d [000d,0018,0006,0003]
378e [000e,0018,0006,0003]
378f [000f,0018,0006,0003]
3792 [0012,0018,0006,0003]
3796 [0012,0484,0003,0003]
37a1 [0181,0002,0006,0003]
37a4 [0024,0018,0006,0003]
37a5 [0181,0024,0006,0003]
37b4 [0024,0009,0007,0003]
37c1 [0181,0004,0006,0003]
37c2 [0042,0018,0006,0003]
37c3 [0181,0042,0006,0003]
37d2 [0012,000c,0007,0003]
37e1 [0181,0006,0006,0003]
3c31 [0001,0242,0181]
3c33 [0003,0242,0181]
3c35 [0005,0242,0181]
3c36 [0006,0242,0181]
3c37 [0007,0242,0181]
3c3c [2424,1818]
3c3d [000d,0242,0181]
3c3f [000f,0242,0181]
3c42 [0042,0024,0018]
3c43 [0042,0001,0024,0018]
3c44 [0004,0004,0024,0018]
3c45 [0005,0004,0024,0018]
3c46 [0006,0004,0024,0018]
3c47 [0007,0004,0024,0018]
3c48 [0048,0024,0018]
3c49 [0048,0001,0024,0018]
3c4a [0042,0008,0024,0018]
3c4b [0042,0009,0024,0018]
3c4c [000c,0004,0024,0018]
3c4d [000d,0004,0024,0018]
3c4e [000e,0004,0024,0018]
3c4f [000f,0004,0024,0018]
3c51 [0001,0005,0024,0018]
3c53 [0003,0005,0024,0018]
3c54 [0004,0005,0024,0018]
3c55 [0005,0005,0024,0018]
3c56 [0006,0005,0024,0018]
3c57 [0007,0005,0024,0018]
3c59 [0009,0005,0024,0018]
3c5a [0042,1818,0024]
3c5b [000b,0005,0024,0018]
3c5c [000c,0005,0024,0018]
3c5d [000d,0005,0024,0018]
3c5e [000e,0005,0024,0018]
3c5f [000f,0005,0024,0018]
3c62 [0002,0006,0024,0018]
3c63 [0003,0006,0024,0018]
3c64 [0004,0006,0024,0018]
3c65 [0005,0006,0024,0018]
3c66 [0006,0006,0024,0018]
3c67 [0007,0006,0024,0018]
3c69 [0048,0021,0024,0018]
3c6a [000a,0006,0024,0018]
3c6b [000b,0006,0024,0018]
3c6c [000c,0006,0024,0018]
3c6d [000d,0006,0024,0018]
3c6e [000e,0006,0024,0018]
3c6f [000f,0006,0024,0018]
3c71 [0001,0007,0024,0018]
3c72 [0002,0007,0024,0018]
3c73 [0003,0007,0024,0018]
3c74 [0004,0007,0024,0018]
3c75 [0005,0007,0024,0018]
3c76 [0006,0007,0024,0018]
3c77 [0007,0007,0024,0018]
3c78 [0048,0242,0181]
3c79 [0009,0007,0024,0018]
3c7a [000a,0007,0024,0018]
3c7b [000b,0007,0024,0018]
3c7c [000c,0007,0024,0018]
3c7d [000d,0007,0024,0018]
3c7e [000e,0007,0024,0018]
3c7f [000f,0007,0024,0018]
3cc1 [0081,0004,0024,0018]
3cc3 [0042,0081,0024,0018]
3cc4 [0004,000c,0024,0018]
3cc5 [0005,000c,0024,0018]
3cc6 [0006,000c,0024,0018]
3cc7 [0007,000c,0024,0018]
3ccc [000c,000c,0024,0018]
3ccd [000d,000c,0024,0018]
3ccf [000f,000c,0024,0018]
3cd1 [0001,000d,0024,0018]
3cd2 [0042,0009,0024,0018]
3cd3 [0003,000d,0024,0018]
3cd4 [0004,000d,0024,0018]
3cd5 [0005,000d,0024,0018]
3cd6 [0006,000d,0024,0018]
3cd7 [0007,000d,0024,0018]
3cd8 [0008,000d,0024,0018]
3cd9 [0009,000d,0024,0018]
3cda [000a,000d,0024,0018]
3cdb [000b,000d,0024,0018]
3cdc [000c,000d,0024,0018]
3cdd [000d,000d,0024,0018]
3cde [000e,000d,0024,0018]
3cdf [000f,000d,0024,0018]
3cf1 [0001,000f,0024,0018]
3cf3 [0003,000f,0024,0018]
3cf4 [0004,000f,0024,0018]
3cf5 [0005,000f,0024,0018]
3cf6 [0006,000f,0024,0018]
3cf7 [0007,000f,0024,0018]
3cfc [000c,000f,0024,0018]
3cfd [000d,000f,0024,0018]
3cff [000f,000f,0024,0018]
3d12 [0012,000d,0003]
3d16 [0012,0004,000d,0003]
3d18 [0018,000d,0003]
3d1a [0012,0008,000d,0003]
3d1c [0018,0004,000d,0003]
3d1e [0012,000c,000d,0003]
3d21 [0121,0024,0018]
3d22 [0002,0012,0024,0018]
3d23 [0003,0012,0024,0018]
3d25 [0121,0004,0024,0018]
3d26 [0006,0012,0024,0018]
3d27 [0007,0012,0024,0018]
3d29 [0121,0008,0024,0018]
3d2a [000a,0012,0024,0018]
3d2b [000b,0012,0024,0018]
3d2d [0121,000c,0024,0018]
3d2e [000e,0012,0024,0018]
3d2f [000f,0012,0024,0018]
3d38 [0018,0012,0024,0018]
3d3c [0018,2424,0009,0001]
3d42 [0042,000d,0003]
3d43 [0042,0001,000d,0003]
3d48 [0048,000d,0003]
3d49 [0048,0001,000d,0003]
3d4a [0042,0008,000d,0003]
3d4b [0042,0009,000d,0003]
3d52 [0012,0004,000d,0003]
3d58 [0048,0001,000d,0003]
3d5a [0012,0048,000d,0003]
3d61 [0121,0004,0024,0018]
3d68 [0048,0012,0024,0018]
3d69 [0121,0048,0024,0018]
3d78 [0048,0003,000d,0003]
3d81 [0081,000d,0003]
3d83 [0081,0002,000d,0003]
3d84 [0084,000d,0003]
3d85 [0084,0001,000d,0003]
3d86 [0084,0002,000d,0003]
3d87 [0084,0003,000d,0003]
3d92 [0012,0008,000d,0003]
3d94 [0084,0001,000d,0003]
3d96 [0012,0084,000d,0003]
3da1 [0121,0008,0024,0018]
3da4 [0084,0012,0024,0018]
3da5 [0121,0084,0024,0018]
3db4 [0084,0003,000d,0003]
3dc1 [0081,0004,000d,0003]
3dc2 [0042,0008,000d,0003]
3dc3 [0042,0081,000d,0003]
3dd2 [0012,000c,000d,0003]
3de1 [0121,000c,0024,0018]
3f12 [0012,000f,0003]
3f16 [0012,0004,000f,0003]
3f18 [0018,000f,0003]
3f1a [0012,0008,000f,0003]
3f1c [0018,0004,000f,0003]
3f1e [0012,000c,000f,0003]
3f34 [0024,0001,000f,0003]
3f3c [0024,0018,000f,0003]
3f42 [0042,000f,0003]
3f43 [0042,0001,000f,0003]
3f48 [0048,000f,0003]
3f49 [0048,0001,000f,0003]
3f4a [0042,0008,000f,0003]
3f4b [0042,0009,000f,0003]
3f52 [0012,0004,000f,0003]
3f58 [0048,0001,000f,0003]
3f5a [0012,0048,000f,0003]
3f61 [0021,0004,000f,0003]
3f68 [0048,0002,000f,0003]
3f69 [0021,0048,000f,0003]
3f78 [0048,0003,000f,0003]
3fc1 [0081,0004,000f,0003]
3fc3 [0042,0081,000f,0003]
3fd2 [0012,000c,000f,0003]
5112 [0012,0001,0005]
5116 [0012,0004,0001,0005]
511a [0012,0008,0001,0005]
511e [0012,000c,0001,0005]
5121 [0121,0005]
5122 [0002,0012,0005]
5123 [0003,0012,0005]
5125 [0121,0004,0005]
5126 [0006,0012,0005]
5127 [0007,0012,0005]
5129 [0121,0008,0005]
512a [000a,0012,0005]
512b [000b,0012,0005]
512d [0121,000c,0005]
512e [000e,0012,0005]
512f [000f,0012,0005]
5138 [0018,0012,0005]
513c [0018,0024,0001,0005]
515a [0012,0048,0001,0005]
5162 [0002,0012,0004,0005]
5163 [0003,0012,0004,0005]
5164 [0004,0012,0004,0005]
5165 [0005,0012,0004,0005]
5166 [0006,0012,0004,0005]
5167 [0007,0012,0004,0005]
5169 [0121,0048,0005]
516a [000a,0012,0004,0005]
516b [000b,0012,0004,0005]
516c [000c,0012,0004,0005]
516d [000d,0012,0004,0005]
516e [000e,0012,0004,0005]
516f [000f,0012,0004,0005]
5178 [0018,0012,0004,0005]
51a2 [0002,0012,0008,0005]
51a3 [0003,0012,0008,0005]
51a5 [0121,0084,0005]
51a6 [0006,0012,0008,0005]
51a7 [0007,0012,0008,0005]
51aa [000a,0012,0008,0005]
51ab [000b,0012,0008,0005]
51ae [000e,0012,0008,0005]
51af [000f,0012,0008,0005]
51e2 [0002,0012,000c,0005]
51e3 [0003,0012,000c,0005]
51e4 [0004,0012,000c,0005]
51e5 [0005,0012,000c,0005]
51e6 [0006,0012,000c,0005]
51e7 [0007,0012,000c,0005]
51ea [000a,0012,000c,0005]
51eb [000b,0012,000c,0005]
51ee [000e,0012,000c,0005]
51ef [000f,0012,000c,0005]
5312 [0012,0003,0005]
5316 [0012,0004,0003,0005]
5318 [0018,0003,0005]
531a [0012,0008,0003,0005]
531c [0018,0004,0003,0005]
531e [0012,000c,0003,0005]
5321 [0021,0003,0005]
5324 [0024,0003,0005]
5325 [0021,0004,0003,0005]
5329 [0021,0008,0003,0005]
532c [0024,0008,0003,0005]
532d [0021,000c,0003,0005]
5334 [0024,0001,0003,0005]
5338 [0018,0002,0003,0005]
533c [0024,0018,0003,0005]
535a [0012,0048,0003,0005]
5369 [0021,0048,0003,0005]
5378 [0018,0006,0003,0005]
5396 [0012,0084,0003,0005]
53b4 [0024,0009,0003,0005]
53c3 [0181,4242,0001]
53c4 [0004,0018,0424,0001]
53c5 [0005,0018,0424,0001]
53c6 [0006,0018,0424,0001]
53c7 [0007,0018,0424,0001]
53c8 [0008,0018,0424,0001]
53c9 [0009,0018,0424,0001]
53ca [000a,0018,0424,0001]
53cb [000b,0018,0424,0001]
53cc [000c,0018,0424,0001]
53cd [000d,0018,0424,0001]
53ce [000e,0018,0424,0001]
53cf [000f,0018,0424,0001]
53d2 [0012,0018,0424,0001]
5512 [0012,0005,0005]
5516 [0012,0004,0005,0005]
551a [0012,0008,0005,0005]
551e [0012,000c,0005,0005]
5521 [0121,0004,0005]
5522 [0002,0012,0004,0005]
5523 [0003,0012,0004,0005]
5525 [0121,0004,0004,0005]
5527 [0007,0012,0004,0005]
5529 [0121,0008,0004,0005]
552a [000a,0012,0004,0005]
552b [000b,0012,0004,0005]
552d [0121,000c,0004,0005]
552f [000f,0012,0004,0005]
5534 [0424,0001,0001,0005]
5538 [0018,0012,0004,0005]
553c [0424,0018,0001,0005]
5552 [0012,0004,0005,0005]
555a [0012,0048,0005,0005]
5578 [0048,0003,0005,0005]
55a1 [0121,0048,0005]
55a2 [0002,0012,0048,0005]
55a3 [0003,0012,0048,0005]
55a5 [0121,0484,0005]
55a7 [0007,0012,0048,0005]
55aa [000a,0012,0048,0005]
55ab [000b,0012,0048,0005]
55af [000f,0012,0048,0005]
55b4 [0424,0009,0001,0005]
5712 [0012,0007,0005]
5716 [0012,0004,0007,0005]
5718 [0018,0007,0005]
571a [0012,0008,0007,0005]
571c [0018,0004,0007,0005]
571e [0012,000c,0007,0005]
5721 [0021,0007,0005]
5725 [0021,0004,0007,0005]
5729 [0021,0008,0007,0005]
572d [0021,000c,0007,0005]
5734 [0024,0001,0007,0005]
5738 [0018,0002,0007,0005]
573c [0024,0018,0007,0005]
5752 [0012,0004,0007,0005]
5758 [0048,0001,0007,0005]
575a [0012,0048,0007,0005]
5778 [0048,0003,0007,0005]
5781 [0181,0006,0005]
5783 [0181,0002,0006,0005]
5785 [0484,0001,0003,0005]
5787 [0484,0003,0003,0005]
5788 [0008,0048,0003,0005]
5789 [0009,0048,0003,0005]
578a [000a,0048,0003,0005]
578b [000b,0048,0003,0005]
578d [000d,0048,0003,0005]
578f [000f,0048,0003,0005]
5792 [0012,0048,0003,0005]
5794 [0484,0001,0003,0005]
5796 [0484,0012,0003,0005]
57a1 [0181,0002,0006,0005]
57a5 [0484,0021,0003,0005]
57b4 [0484,0003,0003,0005]
57d2 [0012,000c,0007,0005]
5a21 [0021,0012,0048]
5a22 [0002,0002,0012,0048]
5a23 [0003,0002,0012,0048]
5a25 [0021,0004,0012,0048]
5a27 [0007,0002,0012,0048]
5a29 [0021,0008,0012,0048]
5a2a [000a,0002,0012,0048]
5a2b [000b,0002,0012,0048]
5a2d [0021,000c,0012,0048]
5a2f [000f,0002,0012,0048]
5a31 [0001,0003,0012,0048]
5a32 [0002,0003,0012,0048]
5a33 [0003,0003,0012,0048]
5a35 [0005,0003,0012,0048]
5a36 [0006,0003,0012,0048]
5a37 [0007,0003,0012,0048]
5a39 [0009,0003,0012,0048]
5a3a [000a,0003,0012,0048]
5a3b [000b,0003,0012,0048]
5a3c [0024,1818,0042]
5a3d [000d,0003,0012,0048]
5a3e [000e,0003,0012,0048]
5a3f [000f,0003,0012,0048]
5a51 [0001,0121,0484]
5a53 [0003,0121,0484]
5a55 [0005,0121,0484]
5a57 [0007,0121,0484]
5a5a [1212,4848]
5a5b [000b,0121,0484]
5a5f [000f,0121,0484]
5a71 [0001,0007,0012,0048]
5a72 [0002,0007,0012,0048]
5a73 [0003,0007,0012,0048]
5a75 [0005,0007,0012,0048]
5a77 [0007,0007,0012,0048]
5a79 [0009,0007,0012,0048]
5a7a [000a,0007,0012,0048]
5a7b [000b,0007,0012,0048]
5a7d [000d,0007,0012,0048]
5a7f [000f,0007,0012,0048]
5aa1 [0021,0008,0012,0048]
5aa2 [0002,000a,0012,0048]
5aa3 [0003,000a,0012,0048]
5aa5 [0021,0084,0012,0048]
5aa7 [0007,000a,0012,0048]
5aaa [000a,000a,0012,0048]
5aab [000b,000a,0012,0048]
5aaf [000f,000a,0012,0048]
5ab1 [0001,000b,0012,0048]
5ab2 [0002,000b,0012,0048]
5ab3 [0003,000b,0012,0048]
5ab4 [0024,0009,0012,0048]
5ab5 [0005,000b,0012,0048]
5ab6 [0006,000b,0012,0048]
5ab7 [0007,000b,0012,0048]
5aba [000a,000b,0012,0048]
5abb [000b,000b,0012,0048]
5abe [000e,000b,0012,0048]
5abf [000f,000b,0012,0048]
5af1 [0001,000f,0012,0048]
5af2 [0002,000f,0012,0048]
5af3 [0003,000f,0012,0048]
5af5 [0005,000f,0012,0048]
5af7 [0007,000f,0012,0048]
5afa [000a,000f,0012,0048]
5afb [000b,000f,0012,0048]
5aff [000f,000f,0012,0048]
5b12 [0012,000b,0005]
5b16 [0012,0004,000b,0005]
5b1a [0012,0008,000b,0005]
5b1e [0012,000c,000b,0005]
5b21 [0021,000b,0005]
5b24 [0024,000b,0005]
5b25 [0021,0004,000b,0005]
5b29 [0021,0008,000b,0005]
5b2c [0024,0008,000b,0005]
5b2d [0021,000c,000b,0005]
5b34 [0024,0001,000b,0005]
5b38 [0018,0002,000b,0005]
5b3c [0024,0018,000b,0005]
5b5a [0012,4848,0003,0001]
5b69 [0021,4848,0003,0001]
5b78 [0018,0006,000b,0005]
5ba1 [0021,0008,000b,0005]
5ba4 [0024,0008,000b,0005]
5ba5 [0021,0084,000b,0005]
5bb4 [0024,0009,000b,0005]
5be1 [0021,000c,000b,0005]
5f12 [0012,000f,0005]
5f16 [0012,0004,000f,0005]
5f1a [0012,0008,000f,0005]
5f1e [0012,000c,000f,0005]
5f21 [0021,000f,0005]
5f25 [0021,0004,000f,0005]
5f29 [0021,0008,000f,0005]
5f2d [0021,000c,000f,0005]
5f34 [0024,0001,000f,0005]
5f38 [0018,0002,000f,0005]
5f3c [0024,0018,000f,0005]
5f52 [0012,0004,000f,0005]
5f5a [0012,0048,000f,0005]
5f78 [0048,0003,000f,0005]
5fa1 [0021,0008,000f,0005]
5fa5 [0021,0084,000f,0005]
5fb4 [0024,0009,000f,0005]
7112 [0012,0001,0007]
7116 [0012,0004,0001,0007]
7118 [0018,0001,0007]
711a [0012,0008,0001,0007]
711c [0018,0004,0001,0007]
711e [0012,000c,0001,0007]
7121 [0121,0007]
7122 [0002,0012,0007]
7123 [0003,0012,0007]
7125 [0121,0004,0007]
7126 [0006,0012,0007]
7127 [0007,0012,0007]
7129 [0121,0008,0007]
712a [000a,0012,0007]
712b [000b,0012,0007]
712d [0121,000c,0007]
712e [000e,0012,0007]
712f [000f,0012,0007]
7138 [0018,0012,0007]
713c [0018,0024,0001,0007]
715a [0012,0048,0001,0007]
7162 [0002,0012,0004,0007]
7163 [0003,0012,0004,0007]
7164 [0004,0012,0004,0007]
7165 [0005,0012,0004,0007]
7166 [0006,0012,0004,0007]
7167 [0007,0012,0004,0007]
7169 [0121,0048,0007]
716a [000a,0012,0004,0007]
716b [000b,0012,0004,0007]
716c [000c,0012,0004,0007]
716d [000d,0012,0004,0007]
716e [000e,0012,0004,0007]
716f [000f,0012,0004,0007]
7178 [0018,0012,0004,0007]
7181 [0181,0007]
7183 [0181,0002,0007]
7185 [0181,0004,0007]
7187 [0181,0006,0007]
7188 [0008,0018,0007]
7189 [0009,0018,0007]
718a [000a,0018,0007]
718b [000b,0018,0007]
718c [000c,0018,0007]
718d [000d,0018,0007]
718e [000e,0018,0007]
718f [000f,0018,0007]
7192 [0012,0018,0007]
7196 [0012,0084,0001,0007]
71a2 [0002,0012,0008,0007]
71a3 [0003,0012,0008,0007]
71a5 [0121,0084,0007]
71a6 [0006,0012,0008,0007]
71a7 [0007,0012,0008,0007]
71a8 [0008,0012,0008,0007]
71a9 [0009,0012,0008,0007]
71aa [000a,0012,0008,0007]
71ab [000b,0012,0008,0007]
71ac [000c,0012,0008,0007]
71ad [000d,0012,0008,0007]
71ae [000e,0012,0008,0007]
71af [000f,0012,0008,0007]
71c3 [0181,0042,0007]
71c4 [0004,0018,0004,0007]
71c5 [0005,0018,0004,0007]
71c6 [0006,0018,0004,0007]
71c7 [0007,0018,0004,0007]
71c8 [0008,0018,0004,0007]
71c9 [0009,0018,0004,0007]
71ca [000a,0018,0004,0007]
71cb [000b,0018,0004,0007]
71cc [000c,0018,0004,0007]
71cd [000d,0018,0004,0007]
71ce [000e,0018,0004,0007]
71cf [000f,0018,0004,0007]
71d2 [0012,0018,0004,0007]
71e2 [0002,0012,000c,0007]
71e3 [0003,0012,000c,0007]
71e4 [0004,0012,000c,0007]
71e5 [0005,0012,000c,0007]
71e6 [0006,0012,000c,0007]
71e7 [0007,0012,000c,0007]
71e8 [0008,0012,000c,0007]
71e9 [0009,0012,000c,0007]
71ea [000a,0012,000c,0007]
71eb [000b,0012,000c,0007]
71ec [000c,0012,000c,0007]
71ed [000d,0012,000c,0007]
71ee [000e,0012,000c,0007]
71ef [000f,0012,000c,0007]
7211 [0001,0021,0007]
7212 [0212,0007]
7213 [0003,0021,0007]
7215 [0005,0021,0007]
7216 [0212,0004,0007]
7217 [0007,0021,0007]
7219 [0009,0021,0007]
721a [0212,0008,0007]
721b [000b,0021,0007]
721d [000d,0021,0007]
721e [0212,000c,0007]
721f [000f,0021,0007]
7221 [0021,0002,0007]
7225 [0021,0004,0002,0007]
7229 [0021,0008,0002,0007]
722d [0021,000c,0002,0007]
7234 [0024,0021,0007]
723c [0024,0018,0002,0007]
7251 [0001,0021,0004,0007]
7253 [0003,0021,0004,0007]
7255 [0005,0021,0004,0007]
7257 [0007,0021,0004,0007]
7259 [0009,0021,0004,0007]
725a [0212,0048,0007]
725b [000b,0021,0004,0007]
725d [000d,0021,0004,0007]
725f [000f,0021,0004,0007]
7291 [0001,0021,0008,0007]
7293 [0003,0021,0008,0007]
7295 [0005,0021,0008,0007]
7296 [0212,0084,0007]
7297 [0007,0021,0008,0007]
7298 [0008,0021,0008,0007]
7299 [0009,0021,0008,0007]
729a [000a,0021,0008,0007]
729b [000b,0021,0008,0007]
729c [000c,0021,0008,0007]
729d [000d,0021,0008,0007]
729e [000e,0021,0008,0007]
729f [000f,0021,0008,0007]
72a5 [0021,0084,0002,0007]
72b4 [0024,0021,0008,0007]
72d1 [0001,0021,000c,0007]
72d3 [0003,0021,000c,0007]
72d5 [0005,0021,000c,0007]
72d7 [0007,0021,000c,0007]
72d8 [0008,0021,000c,0007]
72d9 [0009,0021,000c,0007]
72da [000a,0021,000c,0007]
72db [000b,0021,000c,0007]
72dd [000d,0021,000c,0007]
72df [000f,0021,000c,0007]
7312 [0012,0003,0007]
7316 [0012,0004,0003,0007]
7318 [0018,0003,0007]
731a [0012,0008,0003,0007]
731c [0018,0004,0003,0007]
731e [0012,000c,0003,0007]
7321 [0021,0003,0007]
7324 [0024,0003,0007]
7325 [0021,0004,0003,0007]
7329 [0021,0008,0003,0007]
732c [0024,0008,0003,0007]
732d [0021,000c,0003,0007]
7334 [0024,0001,0003,0007]
7338 [0018,0002,0003,0007]
733c [0024,0018,0003,0007]
7342 [0242,0001,0007]
7343 [0242,0001,0001,0007]
7344 [0004,0024,0001,0007]
7345 [0005,0024,0001,0007]
7346 [0006,0024,0001,0007]
7347 [0007,0024,0001,0007]
734a [0242,0008,0001,0007]
734b [0242,0009,0001,0007]
734c [000c,0024,0001,0007]
734d [000d,0024,0001,0007]
734e [000e,0024,0001,0007]
734f [000f,0024,0001,0007]
7352 [0242,0001,0001,0007]
7358 [0018,0024,0001,0007]
735a [0242,0018,0001,0007]
7361 [0021,0024,0001,0007]
7369 [0021,0048,0003,0007]
7378 [0018,0006,0003,0007]
7381 [0181,0002,0007]
7383 [0181,0002,0002,0007]
7385 [0181,0004,0002,0007]
7387 [0181,0006,0002,0007]
7388 [0008,0018,0002,0007]
7389 [0009,0018,0002,0007]
738a [000a,0018,0002,0007]
738b [000b,0018,0002,0007]
738c [000c,0018,0002,0007]
738d [000d,0018,0002,0007]
738e [000e,0018,0002,0007]
738f [000f,0018,0002,0007]
7392 [0012,0018,0002,0007]
7396 [0012,0084,0003,0007]
73a1 [0181,0002,0002,0007]
73a4 [0024,0018,0002,0007]
73a5 [0181,0024,0002,0007]
73b4 [0024,0009,0003,0007]
73c1 [0181,0024,0007]
73c2 [0242,0018,0007]
73c3 [0242,0181,0007]
73c4 [0004,0024,0018,0007]
73c5 [0005,0024,0018,0007]
73c6 [0006,0024,0018,0007]
73c7 [0007,0024,0018,0007]
73c8 [0008,0024,0018,0007]
73c9 [0009,0024,0018,0007]
73ca [000a,0024,0018,0007]
73cb [000b,0024,0018,0007]
73cc [000c,0024,0018,0007]
73cd [000d,0024,0018,0007]
73ce [000e,0024,0018,0007]
73cf [000f,0024,0018,0007]
73d2 [0242,0009,0001,0007]
73e1 [0181,0006,0002,0007]
7512 [0012,0005,0007]
7516 [0012,0004,0005,0007]
7518 [0018,0005,0007]
751a [0012,0008,0005,0007]
751c [0018,0004,0005,0007]
751e [0012,000c,0005,0007]
7521 [0121,0004,0007]
7522 [0002,0012,0004,0007]
7523 [0003,0012,0004,0007]
7525 [0121,0004,0004,0007]
7527 [0007,0012,0004,0007]
7529 [0121,0008,0004,0007]
752a [000a,0012,0004,0007]
752b [000b,0012,0004,0007]
752d [0121,000c,0004,0007]
752f [000f,0012,0004,0007]
7534 [0424,0001,0001,0007]
7538 [0018,0012,0004,0007]
753c [0424,0018,0001,0007]
7552 [0012,0004,0005,0007]
7558 [0048,0001,0005,0007]
755a [0012,0048,0005,0007]
7578 [0048,0003,0005,0007]
7581 [0181,0004,0007]
7583 [0181,0002,0004,0007]
7585 [0484,0001,0001,0007]
7587 [0484,0003,0001,0007]
7588 [0008,0048,0001,0007]
7589 [0009,0048,0001,0007]
758a [000a,0048,0001,0007]
758b [000b,0048,0001,0007]
758d [000d,0048,0001,0007]
758f [000f,0048,0001,0007]
7592 [0012,0048,0001,0007]
7594 [0484,0001,0001,0007]
7596 [0484,0012,0001,0007]
75a1 [0121,0048,0007]
75a2 [0002,0012,0048,0007]
75a3 [0003,0012,0048,0007]
75a5 [0121,0484,0007]
75a7 [0007,0012,0048,0007]
75a8 [0008,0012,0048,0007]
75a9 [0009,0012,0048,0007]
75aa [000a,0012,0048,0007]
75ab [000b,0012,0048,0007]
75ad [000d,0012,0048,0007]
75af [000f,0012,0048,0007]
75b4 [0424,0009,0001,0007]
75d2 [0012,000c,0005,0007]
7712 [0012,0007,0007]
7716 [0012,0004,0007,0007]
7718 [0018,0007,0007]
771a [0012,0008,0007,0007]
771c [0018,0004,0007,0007]
771e [0012,000c,0007,0007]
7721 [0021,0007,0007]
7725 [0021,0004,0007,0007]
7729 [0021,0008,0007,0007]
772d [0021,000c,0007,0007]
7734 [0024,0001,0007,0007]
7738 [0018,0002,0007,0007]
773c [0024,0018,0007,0007]
7752 [0012,0004,0007,0007]
7758 [0048,0001,0007,0007]
775a [0012,0048,0007,0007]
7778 [0048,0003,0007,0007]
7781 [0181,0006,0007]
7783 [0181,0002,0006,0007]
7785 [0484,0001,0003,0007]
7787 [0484,0003,0003,0007]
7788 [0008,0048,0003,0007]
7789 [0009,0048,0003,0007]
778a [000a,0048,0003,0007]
778b [000b,0048,0003,0007]
778d [000d,0048,0003,0007]
778f [000f,0048,0003,0007]
7792 [0012,0048,0003,0007]
7794 [0484,0001,0003,0007]
7796 [0484,0012,0003,0007]
77a1 [0181,0002,0006,0007]
77a5 [0484,0021,0003,0007]
77b4 [0484,0003,0003,0007]
77d2 [0012,000c,0007,0007]
7912 [0012,0009,0007]
7916 [0012,0004,0009,0007]
7918 [0018,0009,0007]
791a [0012,0008,0009,0007]
791c [0018,0004,0009,0007]
791e [0012,000c,0009,0007]
793c [0018,0024,0009,0007]
795a [0012,4848,0001,0003]
7962 [0002,0012,0484,0003]
7963 [0003,0012,0484,0003]
7964 [0004,0012,0484,0003]
7965 [0005,0012,0484,0003]
7966 [0006,0012,0484,0003]
7967 [0007,0012,0484,0003]
7969 [0121,4848,0003]
796a [000a,0012,0484,0003]
796b [000b,0012,0484,0003]
796c [000c,0012,0484,0003]
796d [000d,0012,0484,0003]
796e [000e,0012,0484,0003]
796f [000f,0012,0484,0003]
7978 [0018,0012,0484,0003]
7981 [0081,0009,0007]
7983 [0081,0002,0009,0007]
7984 [0084,0009,0007]
7985 [0084,0001,0009,0007]
7986 [0084,0002,0009,0007]
7987 [0084,0003,0009,0007]
7992 [0012,0008,0009,0007]
7994 [0084,0001,0009,0007]
7996 [0012,0084,0009,0007]
79a5 [0121,0084,0048,0003]
79b4 [0084,0003,0009,0007]
79c3 [0081,0042,0009,0007]
79d2 [0012,000c,0009,0007]
7a21 [0021,000a,0007]
7a25 [0021,0004,000a,0007]
7a29 [0021,0008,000a,0007]
7a2d [0021,000c,000a,0007]
7a3c [0024,1818,0002,0006]
7a51 [0001,0021,0484,0003]
7a53 [0003,0021,0484,0003]
7a55 [0005,0021,0484,0003]
7a57 [0007,0021,0484,0003]
7a59 [0009,0021,0484,0003]
7a5a [0212,4848,0003]
7a5b [000b,0021,0484,0003]
7a5d [000d,0021,0484,0003]
7a5f [000f,0021,0484,0003]
7a81 [0081,000a,0007]
7a83 [0081,0002,000a,0007]
7a85 [0084,0001,000a,0007]
7a87 [0084,0003,000a,0007]
7a96 [0212,0084,0048,0003]
7aa1 [0021,0008,000a,0007]
7aa5 [0021,0084,000a,0007]
7ab4 [0024,0009,000a,0007]
7b12 [0012,000b,0007]
7b16 [0012,0004,000b,0007]
7b18 [0018,000b,0007]
7b1a [0012,0008,000b,0007]
7b1c [0018,0004,000b,0007]
7b1e [0012,000c,000b,0007]
7b21 [0021,000b,0007]
7b24 [0024,000b,0007]
7b25 [0021,0004,000b,0007]
7b29 [0021,0008,000b,0007]
7b2c [0024,0008,000b,0007]
7b2d [0021,000c,000b,0007]
7b34 [0024,0001,000b,0007]
7b38 [0018,0002,000b,0007]
7b3c [0024,0018,000b,0007]
7b42 [0242,0009,0007]
7b43 [0242,0001,0009,0007]
7b44 [0004,0024,0009,0007]
7b45 [0005,0024,0009,0007]
7b46 [0006,0024,0009,0007]
7b47 [0007,0024,0009,0007]
7b4a [0242,0008,0009,0007]
7b4b [0242,0009,0009,0007]
7b4c [000c,0024,0009,0007]
7b4d [000d,0024,0009,0007]
7b4e [000e,0024,0009,0007]
7b4f [000f,0024,0009,0007]
7b52 [0242,0001,0009,0007]
7b58 [0018,0024,0009,0007]
7b5a [0242,0018,0009,0007]
7b61 [0021,0024,0009,0007]
7b69 [0021,4848,0003,0003]
7b78 [0018,0006,000b,0007]
7b81 [0081,000b,0007]
7b83 [0081,0002,000b,0007]
7b84 [0084,000b,0007]
7b85 [0084,0001,000b,0007]
7b86 [0084,0002,000b,0007]
7b87 [0084,0003,000b,0007]
7b92 [0012,0008,000b,0007]
7b94 [0084,0001,000b,0007]
7b96 [0012,0084,000b,0007]
7ba1 [0021,0008,000b,0007]
7ba4 [0024,0008,000b,0007]
7ba5 [0021,0084,000b,0007]
7bb4 [0024,0009,000b,0007]
7bc1 [0081,0024,0009,0007]
7bc2 [0242,0008,0009,0007]
7bc3 [0242,0081,0009,0007]
7bd2 [0242,0009,0009,0007]
7be1 [0021,000c,000b,0007]
7d12 [0012,000d,0007]
7d16 [0012,0004,000d,0007]
7d18 [0018,000d,0007]
7d1a [0012,0008,000d,0007]
7d1c [0018,0004,000d,0007]
7d1e [0012,000c,000d,0007]
7d21 [0121,000c,0007]
7d22 [0002,0012,000c,0007]
7d23 [0003,0012,000c,0007]
7d25 [0121,0004,000c,0007]
7d27 [0007,0012,000c,0007]
7d29 [0121,0008,000c,0007]
7d2a [000a,0012,000c,0007]
7d2b [000b,0012,000c,0007]
7d2d [0121,000c,000c,0007]
7d2f [000f,0012,000c,0007]
7d34 [0424,0001,0009,0007]
7d38 [0018,0012,000c,0007]
7d3c [0424,0018,0009,0007]
7d52 [0012,0004,000d,0007]
7d58 [0048,0001,000d,0007]
7d5a [0012,0048,000d,0007]
7d78 [0048,0003,000d,0007]
7d81 [0081,000d,0007]
7d83 [0081,0002,000d,0007]
7d85 [0084,0001,000d,0007]
7d87 [0084,0003,000d,0007]
7d92 [0012,0008,000d,0007]
7d94 [0084,0001,000d,0007]
7d96 [0012,0084,000d,0007]
7da1 [0121,0008,000c,0007]
7da5 [0121,0084,000c,0007]
7db4 [0424,0009,0009,0007]
7dd2 [0012,000c,000d,0007]
7f12 [0012,000f,0007]
7f16 [0012,0004,000f,0007]
7f18 [0018,000f,0007]
7f1a [0012,0008,000f,0007]
7f1c [0018,0004,000f,0007]
7f1e [0012,000c,000f,0007]
7f21 [0021,000f,0007]
7f25 [0021,0004,000f,0007]
7f29 [0021,0008,000f,0007]
7f2d [0021,000c,000f,0007]
7f34 [0024,0001,000f,0007]
7f38 [0018,0002,000f,0007]
7f3c [0024,0018,000f,0007]
7f52 [0012,0004,000f,0007]
7f58 [0048,0001,000f,0007]
7f5a [0012,0048,000f,0007]
7f78 [0048,0003,000f,0007]
7f81 [0081,000f,0007]
7f83 [0081,0002,000f,0007]
7f85 [0084,0001,000f,0007]
7f87 [0084,0003,000f,0007]
7f92 [0012,0008,000f,0007]
7f94 [0084,0001,000f,0007]
7f96 [0012,0084,000f,0007]
7fa1 [0021,0008,000f,0007]
7fa5 [0021,0084,000f,0007]
7fb4 [0024,0009,000f,0007]
7fd2 [0012,000c,000f,0007]
f112 [0012,0001,000f]
f116 [0012,0004,0001,000f]
f11a [0012,0008,0001,000f]
f11e [0012,000c,0001,000f]
f121 [0121,000f]
f122 [0002,0012,000f]
f123 [0003,0012,000f]
f125 [0121,0004,000f]
f126 [0006,0012,000f]
f127 [0007,0012,000f]
f129 [0121,0008,000f]
f12a [000a,0012,000f]
f12b [000b,0012,000f]
f12d [0121,000c,000f]
f12e [000e,0012,000f]
f12f [000f,0012,000f]
f138 [0018,0012,000f]
f13c [0018,0024,0001,000f]
f15a [0012,0048,0001,000f]
f162 [0002,0012,0004,000f]
f163 [0003,0012,0004,000f]
f164 [0004,0012,0004,000f]
f165 [0005,0012,0004,000f]
f166 [0006,0012,0004,000f]
f167 [0007,0012,0004,000f]
f169 [0121,0048,000f]
f16a [000a,0012,0004,000f]
f16b [000b,0012,0004,000f]
f16c [000c,0012,0004,000f]
f16d [000d,0012,0004,000f]
f16e [000e,0012,0004,000f]
f16f [000f,0012,0004,000f]
f178 [0018,0012,0004,000f]
f1a2 [0002,0012,0008,000f]
f1a3 [0003,0012,0008,000f]
f1a5 [0121,0084,000f]
f1a6 [0006,0012,0008,000f]
f1a7 [0007,0012,0008,000f]
f1aa [000a,0012,0008,000f]
f1ab [000b,0012,0008,000f]
f1ae [000e,0012,0008,000f]
f1af [000f,0012,0008,000f]
f1e2 [0002,0012,000c,000f]
f1e3 [0003,0012,000c,000f]
f1e4 [0004,0012,000c,000f]
f1e5 [0005,0012,000c,000f]
f1e6 [0006,0012,000c,000f]
f1e7 [0007,0012,000c,000f]
f1ea [000a,0012,000c,000f]
f1eb [000b,0012,000c,000f]
f1ee [000e,0012,000c,000f]
f1ef [000f,0012,000c,000f]
f312 [0012,0003,000f]
f316 [0012,0004,0003,000f]
f318 [0018,0003,000f]
f31a [0012,0008,0003,000f]
f31c [0018,0004,0003,000f]
f31e [0012,000c,0003,000f]
f334 [0024,0001,0003,000f]
f33c [0024,0018,0003,000f]
f342 [0242,0001,000f]
f343 [0242,0001,0001,000f]
f344 [0004,0024,0001,000f]
f345 [0005,0024,0001,000f]
f346 [0006,0024,0001,000f]
f347 [0007,0024,0001,000f]
f34a [0242,0008,0001,000f]
f34b [0242,0009,0001,000f]
f34c [000c,0024,0001,000f]
f34d [000d,0024,0001,000f]
f34e [000e,0024,0001,000f]
f34f [000f,0024,0001,000f]
f352 [0242,0001,0001,000f]
f358 [0018,0024,0001,000f]
f35a [0242,0018,0001,000f]
f361 [0021,0024,0001,000f]
f369 [0021,0048,0003,000f]
f378 [0018,0006,0003,000f]
f3c1 [0181,0024,000f]
f3c3 [0242,0181,000f]
f3c4 [0004,0024,0018,000f]
f3c5 [0005,0024,0018,000f]
f3c6 [0006,0024,0018,000f]
f3c7 [0007,0024,0018,000f]
f3cc [000c,0024,0018,000f]
f3cd [000d,0024,0018,000f]
f3cf [000f,0024,0018,000f]
f3d2 [0242,0009,0001,000f]
f512 [0012,0005,000f]
f516 [0012,0004,0005,000f]
f51a [0012,0008,0005,000f]
f51e [0012,000c,0005,000f]
f521 [0121,0004,000f]
f522 [0002,0012,0004,000f]
f523 [0003,0012,0004,000f]
f525 [0121,0004,0004,000f]
f527 [0007,0012,0004,000f]
f529 [0121,0008,0004,000f]
f52a [000a,0012,0004,000f]
f52b [000b,0012,0004,000f]
f52d [0121,000c,0004,000f]
f52f [000f,0012,0004,000f]
f534 [0424,0001,0001,000f]
f538 [0018,0012,0004,000f]
f53c [0424,0018,0001,000f]
f552 [0012,0004,0005,000f]
f55a [0012,0048,0005,000f]
f578 [0048,0003,0005,000f]
f5a1 [0121,0048,000f]
f5a2 [0002,0012,0048,000f]
f5a3 [0003,0012,0048,000f]
f5a5 [0121,0484,000f]
f5a7 [0007,0012,0048,000f]
f5aa [000a,0012,0048,000f]
f5ab [000b,0012,0048,000f]
f5af [000f,0012,0048,000f]
f5b4 [0424,0009,0001,000f]
f712 [0012,0007,000f]
f716 [0012,0004,0007,000f]
f718 [0018,0007,000f]
f71a [0012,0008,0007,000f]
f71c [0018,0004,0007,000f]
f71e [0012,000c,0007,000f]
f721 [0021,0007,000f]
f725 [0021,0004,0007,000f]
f729 [0021,0008,0007,000f]
f72d [0021,000c,0007,000f]
f734 [0024,0001,0007,000f]
f738 [0018,0002,0007,000f]
f73c [0024,0018,0007,000f]
f752 [0012,0004,0007,000f]
f758 [0048,0001,0007,000f]
f75a [0012,0048,0007,000f]
f778 [0048,0003,0007,000f]
f781 [0181,0006,000f]
f783 [0181,0002,0006,000f]
f785 [0484,0001,0003,000f]
f787 [0484,0003,0003,000f]
f788 [0008,0048,0003,000f]
f789 [0009,0048,0003,000f]
f78a [000a,0048,0003,000f]
f78b [000b,0048,0003,000f]
f78d [000d,0048,0003,000f]
f78f [000f,0048,0003,000f]
f792 [0012,0048,0003,000f]
f794 [0484,0001,0003,000f]
f796 [0484,0012,0003,000f]
f7a1 [0181,0002,0006,000f]
f7a5 [0484,0021,0003,000f]
f7b4 [0484,0003,0003,000f]
f7d2 [0012,000c,0007,000f]
ff12 [0012,000f,000f]
ff16 [0012,0004,000f,000f]
ff1a [0012,0008,000f,000f]
ff1e [0012,000c,000f,000f]
ff34 [0024,0001,000f,000f]
ff3c [0024,0018,000f,000f]
ff52 [0012,0004,000f,000f]
ff5a [0012,0048,000f,000f]
ff78 [0048,0003,000f,000f]
