0001 0 1
0003 0 1
0005 0 1
0007 0 1
000f 0 1
0011 0 1
0012 1 3
0013 1 1
0015 0 1
0016 1 3
0017 1 1
001a 2 3
001b 2 1
001e 2 3
001f 2 1
0031 1 1
0033 0 1
0035 2 1
0036 2 1
0037 1 1
003c 2 7
003d 3 1
003f 2 1
0051 0 1
0053 2 1
0055 0 1
0057 2 1
005a 4 11
005b 4 1
005f 4 1
0071 1 1
0072 2 1
0073 1 1
0075 2 1
0077 0 1
0079 3 1
007a 4 1
007b 3 1
007d 4 1
007f 2 1
00f1 2 1
00f3 2 1
00f5 4 1
00f7 2 1
00ff 0 1
0111 0 1
0112 1 3
0113 1 1
0115 0 1
0116 1 3
0117 1 1
011a 2 3
011b 2 1
011e 2 3
011f 2 1
0121 3 4
0122 1 3
0123 3 4
0125 4 4
0126 2 4
0127 4 4
0129 3 4
012a 1 3
012b 3 4
012d 4 4
012e 2 4
012f 4 4
0131 3 1
0132 2 1
0133 2 1
0135 4 1
0136 3 1
0137 3 1
0138 2 7
0139 4 1
013a 3 1
013b 3 1
013c 3 7
013d 5 1
013e 4 1
013f 4 1
0151 0 1
0153 2 1
0154 0 1
0155 0 1
0156 2 1
0157 2 1
015a 4 11
015b 4 1
015e 4 1
015f 4 1
0162 2 4
0163 4 6
0164 2 4
0165 4 4
0166 1 3
0167 3 4
0169 4 19
016a 3 4
016b 5 6
016c 3 4
016d 5 4
016e 2 4
016f 4 4
0171 3 1
0172 3 1
0173 3 1
0174 2 1
0175 4 1
0176 2 1
0177 2 1
0178 3 11
0179 5 1
017a 5 1
017b 5 1
017c 4 1
017d 6 1
017e 4 1
017f 4 1
01a2 2 3
01a3 6 6
01a5 8 70
01a6 4 4
01a7 8 6
01aa 2 3
01ab 6 4
01ae 4 4
01af 8 4
01b1 6 1
01b2 3 1
01b3 5 1
01b5 8 1
01b6 5 1
01b7 7 1
01ba 4 1
01bb 4 1
01be 6 1
01bf 6 1
01e2 3 4
01e3 7 6
01e4 4 4
01e5 8 4
01e6 3 4
01e7 7 4
01ea 4 4
01eb 8 4
01ee 2 3
01ef 6 4
01f1 6 1
01f2 4 1
01f3 6 1
01f4 4 1
01f5 8 1
01f6 4 1
01f7 6 1
01fa 6 1
01fb 6 1
01fe 4 1
01ff 4 1
0311 1 1
0312 3 3
0313 3 1
0315 1 1
0316 3 3
0317 3 1
0318 2 3
0319 2 1
031a 4 3
031b 4 1
031c 2 3
031d 2 1
031e 4 3
031f 4 1
0331 2 1
0333 0 1
0334 1 3
0335 3 1
0336 3 1
0337 1 1
033c 2 3
033d 4 1
033f 2 1
0351 2 1
0353 6 1
0354 2 1
0355 2 1
0356 6 1
0357 6 1
0359 4 1
035a 8 11
035b 8 1
035c 4 1
035d 4 1
035e 8 1
035f 8 1
0361 4 12
0362 4 1
0363 6 1
0364 3 1
0365 5 1
0366 3 1
0367 5 1
0369 5 7
036a 5 1
036b 7 1
036c 4 1
036d 6 1
036e 4 1
036f 6 1
0371 3 1
0372 5 1
0373 3 1
0374 2 1
0375 4 1
0376 4 1
0377 2 1
0378 3 3
0379 5 1
037a 7 1
037b 5 1
037c 4 1
037d 6 1
037e 6 1
037f 4 1
03c3 6 8
03c4 3 8
03c5 5 8
03c6 5 14
03c7 7 8
03cc 2 7
03cd 4 8
03cf 6 8
03d1 5 1
03d2 7 29
03d3 9 1
03d4 4 1
03d5 6 1
03d6 8 1
03d7 10 1
03d8 5 1
03d9 5 1
03da 9 1
03db 9 1
03dc 4 1
03dd 4 1
03de 8 1
03df 8 1
03f1 6 1
03f3 6 1
03f4 4 1
03f5 8 1
03f6 6 1
03f7 6 1
03fc 4 1
03fd 6 1
03ff 4 1
0511 0 1
0512 1 3
0513 1 1
0515 0 1
0516 1 3
0517 1 1
051a 2 3
051b 2 1
051e 2 3
051f 2 1
0531 4 1
0532 3 1
0533 3 1
0535 6 1
0536 5 1
0537 5 1
0539 5 1
053a 4 1
053b 4 1
053c 5 7
053d 7 1
053e 6 1
053f 6 1
0551 0 1
0552 2 3
0553 2 1
0555 0 1
0557 2 1
055a 4 3
055b 4 1
055f 4 1
0571 4 1
0572 4 1
0573 4 1
0575 6 1
0577 4 1
0578 4 3
0579 6 1
057a 6 1
057b 6 1
057d 8 1
057f 6 1
05a2 4 11
05a3 8 22
05a5 12 12
05a7 12 12
05aa 4 11
05ab 8 22
05af 12 12
05b1 8 1
05b2 5 1
05b3 7 1
05b5 12 1
05b6 9 1
05b7 11 1
05ba 6 1
05bb 6 1
05be 10 1
05bf 10 1
05f1 8 1
05f2 6 1
05f3 8 1
05f5 12 1
05f7 10 1
05fa 8 1
05fb 8 1
05ff 8 1
0711 1 1
0712 3 3
0713 3 1
0715 1 1
0716 3 3
0717 3 1
0718 2 3
0719 2 1
071a 4 3
071b 4 1
071c 2 3
071d 2 1
071e 4 3
071f 4 1
0721 4 3
0722 2 1
0723 4 1
0725 6 3
0727 6 1
0729 4 3
072a 2 1
072b 4 1
072d 6 3
072f 6 1
0731 3 1
0732 3 1
0733 1 1
0734 3 3
0735 5 1
0736 5 1
0737 3 1
0738 2 3
0739 4 1
073a 4 1
073b 2 1
073c 4 3
073d 6 1
073e 6 1
073f 4 1
0751 2 1
0752 6 3
0753 6 1
0755 2 1
0757 6 1
0758 4 3
0759 4 1
075a 8 3
075b 8 1
075d 4 1
075f 8 1
0771 2 1
0772 4 1
0773 2 1
0775 4 1
0777 0 1
0778 2 3
0779 4 1
077a 6 1
077b 4 1
077d 6 1
077f 2 1
0791 5 1
0793 7 1
0795 7 1
0796 7 7
0797 9 1
0798 4 1
0799 4 1
079a 6 1
079b 6 1
079c 6 1
079d 6 1
079e 8 1
079f 8 1
07a2 4 1
07a3 8 1
07a5 12 11
07a7 12 1
07a8 4 1
07a9 8 1
07aa 4 1
07ab 8 1
07ad 12 1
07af 12 1
07b1 7 1
07b2 5 1
07b3 5 1
07b4 7 4
07b5 11 1
07b6 9 1
07b7 9 1
07b8 4 1
07b9 6 1
07ba 6 1
07bb 4 1
07bc 8 1
07bd 10 1
07be 10 1
07bf 8 1
07d1 6 1
07d2 8 3
07d3 10 1
07d5 8 1
07d7 12 1
07d8 6 1
07d9 6 1
07da 10 1
07db 10 1
07dd 6 1
07df 10 1
07f1 6 1
07f2 6 1
07f3 6 1
07f5 10 1
07f7 6 1
07f8 4 1
07f9 6 1
07fa 8 1
07fb 6 1
07fd 8 1
07ff 4 1
0f11 2 1
0f12 4 3
0f13 4 1
0f15 2 1
0f16 4 3
0f17 4 1
0f1a 6 3
0f1b 6 1
0f1e 6 3
0f1f 6 1
0f31 4 1
0f33 2 1
0f34 4 3
0f35 6 1
0f36 6 1
0f37 4 1
0f3c 6 3
0f3d 8 1
0f3f 6 1
0f51 4 1
0f52 8 3
0f53 8 1
0f55 4 1
0f57 8 1
0f5a 12 3
0f5b 12 1
0f5f 12 1
0f71 4 1
0f72 6 1
0f73 4 1
0f75 6 1
0f77 2 1
0f78 6 3
0f79 8 1
0f7a 10 1
0f7b 8 1
0f7d 10 1
0f7f 6 1
0ff1 4 1
0ff3 4 1
0ff5 8 1
0ff7 4 1
0fff 0 1
1111 0 1
1112 1 3
1113 1 1
1115 0 1
1116 1 3
1117 1 1
111a 2 3
111b 2 1
111e 2 3
111f 2 1
1121 3 4
1122 1 3
1123 3 4
1125 4 4
1126 2 4
1127 4 4
1129 3 4
112a 1 3
112b 3 4
112d 4 4
112e 2 4
112f 4 4
1131 3 1
1132 2 1
1133 2 1
1135 4 1
1136 3 1
1137 3 1
1138 2 7
1139 4 1
113a 3 1
113b 3 1
113c 3 7
113d 5 1
113e 4 1
113f 4 1
1151 0 1
1153 2 1
1154 0 1
1155 0 1
1156 2 1
1157 2 1
115a 4 11
115b 4 1
115e 4 1
115f 4 1
1162 2 4
1163 4 6
1164 2 4
1165 4 6
1166 1 3
1167 3 5
1169 4 19
116a 3 4
116b 5 6
116c 3 4
116d 5 6
116e 2 4
116f 4 6
1171 3 1
1172 3 1
1173 3 1
1174 2 1
1175 4 1
1176 2 1
1177 2 1
1178 3 11
1179 5 1
117a 5 1
117b 5 1
117c 4 1
117d 6 1
117e 4 1
117f 4 1
11a2 2 3
11a3 6 9
11a5 8 70
11a6 4 4
11a7 8 10
11aa 2 3
11ab 6 9
11ae 4 4
11af 8 10
11b1 6 1
11b2 3 1
11b3 5 1
11b5 8 1
11b6 5 1
11b7 7 1
11ba 4 1
11bb 4 1
11be 6 1
11bf 6 1
11e2 3 4
11e3 7 10
11e4 4 4
11e5 8 10
11e6 3 4
11e7 7 10
11ea 4 4
11eb 8 10
11ee 2 3
11ef 6 9
11f1 6 1
11f2 4 1
11f3 6 1
11f4 4 1
11f5 8 1
11f6 4 1
11f7 6 1
11fa 6 1
11fb 6 1
11fe 4 1
11ff 4 1
1211 3 4
1212 6 4
1213 6 4
1215 3 4
1216 6 4
1217 6 4
1219 4 4
121a 7 4
121b 7 4
121d 4 4
121e 7 4
121f 7 4
1221 2 7
1222 1 3
1223 2 4
1224 2 7
1225 3 8
1226 2 4
1227 3 4
1229 2 7
122a 1 3
122b 2 4
122c 2 7
122d 3 8
122e 2 4
122f 3 4
1231 4 4
1232 6 6
1233 5 5
1234 4 19
1235 5 4
1236 7 6
1237 6 6
1239 5 4
123a 7 6
123b 6 6
123c 5 20
123d 6 4
123e 8 6
123f 7 6
1251 4 4
1253 9 6
1254 4 4
1255 4 4
1256 9 6
1257 9 6
1259 6 4
125a 11 1028
125b 11 6
125c 6 4
125d 6 4
125e 11 6
125f 11 6
1262 4 6
1263 5 6
1264 3 4
1265 4 4
1266 3 5
1267 4 6
1269 4 23
126a 5 6
126b 6 6
126c 4 4
126d 5 4
126e 4 6
126f 5 6
1271 5 4
1272 9 6
1273 8 6
1274 5 4
1275 6 4
1276 8 6
1277 7 6
1279 7 4
127a 11 6
127b 10 6
127c 7 4
127d 8 4
127e 10 6
127f 9 6
1291 4 4
1293 7 6
1295 5 4
1296 7 131
1297 8 6
1298 4 4
1299 3 4
129a 7 6
129b 6 6
129c 5 4
129d 4 4
129e 8 6
129f 7 6
12a2 1 3
12a3 3 4
12a5 5 24
12a6 3 4
12a7 5 4
12a8 1 3
12a9 3 4
12aa 1 3
12ab 3 4
12ac 3 4
12ad 5 4
12ae 3 4
12af 5 4
12b1 5 4
12b2 6 6
12b3 6 6
12b4 5 20
12b5 7 4
12b6 8 6
12b7 8 6
12b8 4 4
12b9 4 4
12ba 7 6
12bb 5 5
12bc 6 4
12bd 6 4
12be 9 6
12bf 7 6
12d1 5 4
12d3 10 6
12d4 5 4
12d5 6 4
12d6 10 6
12d7 11 6
12d8 6 4
12d9 5 4
12da 11 6
12db 10 6
12dc 5 4
12dd 4 4
12de 10 6
12df 9 6
12e2 4 6
12e3 6 6
12e4 4 4
12e5 6 4
12e6 4 6
12e7 6 6
12e8 3 4
12e9 5 4
12ea 5 6
12eb 7 6
12ec 3 4
12ed 5 4
12ee 3 5
12ef 5 6
12f1 6 4
12f2 9 6
12f3 9 6
12f4 6 4
12f5 8 4
12f6 9 6
12f7 9 6
12f8 6 4
12f9 6 4
12fa 11 6
12fb 9 6
12fc 6 4
12fd 6 4
12fe 9 6
12ff 7 6
1311 3 1
1312 6 3
1313 6 1
1315 3 1
1316 6 3
1317 6 1
1318 4 3
1319 4 1
131a 7 3
131b 7 1
131c 4 3
131d 4 1
131e 7 3
131f 7 1
1321 4 3
1322 2 1
1323 4 1
1324 3 3
1325 5 3
1326 3 1
1327 5 1
1329 4 3
132a 2 1
132b 4 1
132c 3 3
132d 5 3
132e 3 1
132f 5 1
1331 4 1
1332 5 1
1333 3 1
1334 3 3
1335 5 1
1336 6 1
1337 4 1
1338 3 3
1339 5 1
133a 6 1
133b 4 1
133c 4 7
133d 6 1
133e 7 1
133f 5 1
1351 4 1
1353 9 1
1354 4 1
1355 4 1
1356 9 1
1357 9 1
1359 6 1
135a 11 11
135b 11 1
135c 6 1
135d 6 1
135e 11 1
135f 11 1
1361 5 20
1362 5 1
1363 7 1
1364 4 1
1365 6 1
1366 4 1
1367 6 1
1369 6 7
136a 6 1
136b 8 1
136c 5 1
136d 7 1
136e 5 1
136f 7 1
1371 5 1
1372 8 1
1373 6 1
1374 4 1
1375 6 1
1376 7 1
1377 5 1
1378 5 3
1379 7 1
137a 10 1
137b 8 1
137c 6 1
137d 8 1
137e 9 1
137f 7 1
1381 4 8
1383 4 8
1385 5 8
1387 5 8
1388 2 7
1389 4 8
138a 2 7
138b 4 8
138c 3 8
138d 5 8
138e 3 8
138f 5 8
1391 6 1
1392 7 23
1393 9 1
1395 7 1
1396 8 7
1397 10 1
1398 5 1
1399 5 1
139a 8 1
139b 8 1
139c 6 1
139d 6 1
139e 9 1
139f 9 1
13a1 7 14
13a2 3 1
13a3 7 1
13a4 5 28
13a5 9 11
13a6 5 1
13a7 9 1
13a8 3 1
13a9 7 1
13aa 3 1
13ab 7 1
13ac 5 1
13ad 9 1
13ae 5 1
13af 9 1
13b1 7 1
13b2 6 1
13b3 6 1
13b4 5 5
13b5 9 1
13b6 8 1
13b7 8 1
13b8 4 1
13b9 6 1
13ba 7 1
13bb 5 1
13bc 6 1
13bd 8 1
13be 9 1
13bf 7 1
13c3 7 8
13c4 4 12
13c5 6 22
13c6 6 22
13c7 8 8
13c8 4 12
13c9 6 22
13ca 6 20
13cb 8 8
13cc 3 7
13cd 5 13
13ce 5 13
13cf 7 8
13d1 7 1
13d2 10 29
13d3 12 1
13d4 6 1
13d5 8 1
13d6 11 1
13d7 13 1
13d8 7 1
13d9 7 1
13da 12 1
13db 12 1
13dc 6 1
13dd 6 1
13de 11 1
13df 11 1
13e1 8 14
13e2 6 1
13e3 10 1
13e4 6 1
13e5 10 1
13e6 6 1
13e7 10 1
13e8 5 1
13e9 9 1
13ea 7 1
13eb 11 1
13ec 5 1
13ed 9 1
13ee 5 1
13ef 9 1
13f1 8 1
13f2 9 1
13f3 9 1
13f4 6 1
13f5 10 1
13f6 9 1
13f7 9 1
13f8 6 1
13f9 8 1
13fa 11 1
13fb 9 1
13fc 6 1
13fd 8 1
13fe 9 1
13ff 7 1
1511 0 1
1512 1 3
1513 1 1
1515 0 1
1516 1 3
1517 1 1
151a 2 3
151b 2 1
151e 2 3
151f 2 1
1531 4 1
1532 3 1
1533 3 1
1535 6 1
1536 5 1
1537 5 1
1539 5 1
153a 4 1
153b 4 1
153c 5 7
153d 7 1
153e 6 1
153f 6 1
1542 1 3
1543 1 3
1544 0 1
1545 0 1
1546 1 1
1547 1 1
154a 2 3
154b 2 3
154e 2 1
154f 2 1
1551 0 1
1552 2 3
1553 2 1
1554 0 1
1555 0 1
1556 2 1
1557 2 1
155a 4 11
155b 4 1
155e 4 1
155f 4 1
1562 3 1
1563 5 1
1564 4 1
1565 6 1
1566 3 1
1567 5 1
1569 5 7
156a 4 1
156b 6 1
156c 5 1
156d 7 1
156e 4 1
156f 6 1
1571 4 1
1572 4 1
1573 4 1
1574 4 1
1575 6 1
1576 4 1
1577 4 1
1578 4 3
1579 6 1
157a 6 1
157b 6 1
157c 6 1
157d 8 1
157e 6 1
157f 6 1
15a2 4 11
15a3 8 41
15a5 12 12
15a6 8 14
15a7 12 12
15aa 4 11
15ab 8 41
15ae 8 14
15af 12 12
15b1 8 1
15b2 5 1
15b3 7 1
15b5 12 1
15b6 9 1
15b7 11 1
15ba 6 1
15bb 6 1
15be 10 1
15bf 10 1
15e2 5 1
15e3 9 1
15e4 8 1
15e5 12 1
15e6 7 1
15e7 11 1
15ea 6 1
15eb 10 1
15ee 6 1
15ef 10 1
15f1 8 1
15f2 6 1
15f3 8 1
15f4 8 1
15f5 12 1
15f6 8 1
15f7 10 1
15fa 8 1
15fb 8 1
15fe 8 1
15ff 8 1
1621 3 11
1622 2 4
1623 3 4
1624 4 8
1625 5 8
1626 4 6
1627 5 6
1629 3 11
162a 2 4
162b 3 4
162c 4 8
162d 5 8
162e 4 6
162f 5 6
1631 5 6
1632 7 17
1633 6 9
1634 6 8
1635 7 8
1636 9 22
1637 8 17
1639 6 6
163a 8 18
163b 7 17
163c 7 8
163d 8 8
163e 10 22
163f 9 22
1642 4 11
1643 4 11
1644 2 4
1645 2 4
1646 4 6
1647 4 6
1648 3 11
1649 3 11
164a 5 19
164b 5 19
164c 3 4
164d 3 4
164e 5 6
164f 5 6
1651 4 6
1653 9 33
1654 4 6
1655 4 6
1656 9 33
1657 9 33
1659 6 6
165a 11 139
165b 11 34
165c 6 6
165d 6 6
165e 11 34
165f 11 34
1661 2 7
1662 3 5
1663 4 6
1664 3 5
1665 4 6
1666 1 3
1667 2 4
1668 2 7
1669 3 15
166a 4 6
166b 5 6
166c 4 6
166d 5 6
166e 2 4
166f 3 4
1671 4 6
1672 8 17
1673 7 9
1674 5 9
1675 6 10
1676 6 9
1677 5 5
1678 5 21
1679 6 6
167a 10 34
167b 9 33
167c 7 10
167d 8 10
167e 8 18
167f 7 17
1691 5 20
1693 8 70
1695 7 8
1696 9 20
1697 10 20
1698 5 20
1699 4 19
169a 8 70
169b 7 69
169c 7 36
169d 6 8
169e 10 20
169f 9 20
16a2 3 4
16a3 5 4
16a5 9 78
16a6 7 10
16a7 9 10
16a8 3 4
16a9 5 4
16aa 3 4
16ab 5 4
16ac 7 10
16ad 9 10
16ae 7 10
16af 9 10
16b1 7 6
16b2 8 18
16b3 8 18
16b4 9 8
16b5 11 8
16b6 12 22
16b7 12 22
16b8 6 6
16b9 6 6
16ba 9 18
16bb 7 17
16bc 10 8
16bd 10 8
16be 13 22
16bf 11 22
16c3 6 39
16c4 5 6
16c5 6 6
16c6 7 10
16c7 8 10
16c8 4 4
16c9 5 4
16ca 6 6
16cb 7 6
16cc 4 6
16cd 5 6
16ce 6 10
16cf 7 10
16d1 6 6
16d2 10 523
16d3 11 34
16d4 7 10
16d5 8 10
16d6 12 66
16d7 13 66
16d8 7 6
16d9 6 6
16da 12 34
16db 11 34
16dc 7 10
16dd 6 10
16de 12 66
16df 11 65
16e1 4 12
16e2 4 6
16e3 6 6
16e4 6 10
16e5 8 10
16e6 4 6
16e7 6 6
16e8 3 4
16e9 5 4
16ea 5 6
16eb 7 6
16ec 5 9
16ed 7 10
16ee 3 5
16ef 5 6
16f1 6 6
16f2 9 33
16f3 9 33
16f4 8 18
16f5 10 18
16f6 9 33
16f7 9 33
16f8 6 6
16f9 6 6
16fa 11 34
16fb 9 33
16fc 8 18
16fd 8 18
16fe 9 33
16ff 7 9
1711 3 1
1712 6 3
1713 6 1
1715 3 1
1716 6 3
1717 6 1
1718 4 3
1719 4 1
171a 7 3
171b 7 1
171c 4 3
171d 4 1
171e 7 3
171f 7 1
1721 5 3
1722 3 1
1723 5 1
1724 5 3
1725 7 3
1726 5 1
1727 7 1
1729 5 3
172a 3 1
172b 5 1
172c 5 3
172d 7 3
172e 5 1
172f 7 1
1731 5 1
1732 6 1
1733 4 1
1734 5 3
1735 7 1
1736 8 1
1737 6 1
1738 4 3
1739 6 1
173a 7 1
173b 5 1
173c 6 7
173d 8 1
173e 9 1
173f 7 1
1742 4 3
1743 4 3
1744 2 1
1745 2 1
1746 4 1
1747 4 1
1748 3 3
1749 3 3
174a 5 3
174b 5 3
174c 3 1
174d 3 1
174e 5 1
174f 5 1
1751 4 1
1752 9 3
1753 9 1
1754 4 1
1755 4 1
1756 9 1
1757 9 1
1758 6 3
1759 6 1
175a 11 11
175b 11 1
175c 6 1
175d 6 1
175e 11 1
175f 11 1
1761 4 3
1762 4 1
1763 6 1
1764 4 1
1765 6 1
1766 2 1
1767 4 1
1768 3 3
1769 5 7
176a 5 1
176b 7 1
176c 5 1
176d 7 1
176e 3 1
176f 5 1
1771 4 1
1772 7 1
1773 5 1
1774 4 1
1775 6 1
1776 5 1
1777 3 1
1778 4 3
1779 6 1
177a 9 1
177b 7 1
177c 6 1
177d 8 1
177e 7 1
177f 5 1
1781 5 8
1783 5 8
1785 7 14
1787 7 14
1788 3 11
1789 5 8
178a 3 11
178b 5 8
178c 5 21
178d 7 14
178e 5 21
178f 7 14
1791 7 1
1792 8 39
1793 10 1
1795 9 1
1796 10 7
1797 12 1
1798 6 1
1799 6 1
179a 9 1
179b 9 1
179c 8 1
179d 8 1
179e 11 1
179f 11 1
17a1 9 14
17a2 5 1
17a3 9 1
17a4 9 140
17a5 13 11
17a6 9 1
17a7 13 1
17a8 5 1
17a9 9 1
17aa 5 1
17ab 9 1
17ac 9 1
17ad 13 1
17ae 9 1
17af 13 1
17b1 9 1
17b2 8 1
17b3 8 1
17b4 9 5
17b5 13 1
17b6 12 1
17b7 12 1
17b8 6 1
17b9 8 1
17ba 9 1
17bb 7 1
17bc 10 1
17bd 12 1
17be 13 1
17bf 11 1
17c1 6 8
17c2 6 39
17c3 8 7
17c4 6 1
17c5 8 1
17c6 8 1
17c7 10 1
17c8 5 1
17c9 7 1
17ca 7 1
17cb 9 1
17cc 5 1
17cd 7 1
17ce 7 1
17cf 9 1
17d1 8 1
17d2 11 3
17d3 13 1
17d4 8 1
17d5 10 1
17d6 13 1
17d7 15 1
17d8 8 1
17d9 8 1
17da 13 1
17db 13 1
17dc 8 1
17dd 8 1
17de 13 1
17df 13 1
17e1 8 4
17e2 6 1
17e3 10 1
17e4 8 1
17e5 12 1
17e6 6 1
17e7 10 1
17e8 5 1
17e9 9 1
17ea 7 1
17eb 11 1
17ec 7 1
17ed 11 1
17ee 5 1
17ef 9 1
17f1 8 1
17f2 9 1
17f3 9 1
17f4 8 1
17f5 12 1
17f6 9 1
17f7 9 1
17f8 6 1
17f9 8 1
17fa 11 1
17fb 9 1
17fc 8 1
17fd 10 1
17fe 9 1
17ff 7 1
1a21 3 7
1a22 2 3
1a23 3 4
1a24 3 7
1a25 4 11
1a26 3 4
1a27 4 4
1a29 3 7
1a2a 2 3
1a2b 3 4
1a2c 3 7
1a2d 4 11
1a2e 3 4
1a2f 4 4
1a31 7 10
1a32 9 17
1a33 8 9
1a35 8 10
1a36 10 33
1a37 9 17
1a39 10 33
1a3a 12 33
1a3b 11 17
1a3c 10 39
1a3d 11 34
1a3e 13 65
1a3f 12 33
1a51 8 70
1a53 13 42
1a54 8 70
1a55 8 70
1a56 13 522
1a57 13 42
1a5a 18 70
1a5b 18 70
1a5e 18 70
1a5f 18 70
1a62 6 6
1a63 7 6
1a64 5 4
1a65 6 4
1a66 5 6
1a67 6 6
1a69 7 39
1a6a 8 10
1a6b 9 10
1a6c 7 6
1a6d 8 6
1a6e 7 10
1a6f 8 10
1a71 9 10
1a72 13 66
1a73 12 65
1a74 9 10
1a75 10 10
1a76 12 65
1a77 11 33
1a79 14 22
1a7a 18 138
1a7b 17 138
1a7c 14 66
1a7d 15 22
1a7e 17 138
1a7f 16 129
1aa1 4 11
1aa2 2 3
1aa3 4 4
1aa4 4 11
1aa5 6 43
1aa6 4 4
1aa7 6 4
1aaa 2 3
1aab 4 4
1aae 4 4
1aaf 6 4
1ab1 8 10
1ab2 9 17
1ab3 9 17
1ab4 8 35
1ab5 10 10
1ab6 11 34
1ab7 11 34
1aba 12 33
1abb 10 9
1abe 14 129
1abf 12 33
1ae1 6 35
1ae2 6 6
1ae3 8 6
1ae4 6 4
1ae5 8 4
1ae6 6 6
1ae7 8 6
1aea 8 10
1aeb 10 10
1aee 6 9
1aef 8 10
1af1 10 10
1af2 13 66
1af3 13 66
1af4 10 10
1af5 12 10
1af6 13 66
1af7 13 66
1afa 18 513
1afb 16 129
1afe 16 129
1aff 14 33
1b11 6 1
1b12 9 3
1b13 9 1
1b15 6 1
1b16 9 3
1b17 9 1
1b1a 12 3
1b1b 12 1
1b1e 12 3
1b1f 12 1
1b21 5 3
1b22 3 1
1b23 5 1
1b24 4 3
1b25 6 3
1b26 4 1
1b27 6 1
1b29 5 3
1b2a 3 1
1b2b 5 1
1b2c 4 3
1b2d 6 3
1b2e 4 1
1b2f 6 1
1b31 7 1
1b32 8 1
1b33 6 1
1b34 6 3
1b35 8 1
1b36 9 1
1b37 7 1
1b38 8 3
1b39 10 1
1b3a 11 1
1b3b 9 1
1b3c 9 7
1b3d 11 1
1b3e 12 1
1b3f 10 1
1b51 8 1
1b53 13 1
1b54 8 1
1b55 8 1
1b56 13 1
1b57 13 1
1b5a 18 11
1b5b 18 1
1b5e 18 1
1b5f 18 1
1b61 7 44
1b62 7 1
1b63 9 1
1b64 6 1
1b65 8 1
1b66 6 1
1b67 8 1
1b69 9 7
1b6a 9 1
1b6b 11 1
1b6c 8 1
1b6d 10 1
1b6e 8 1
1b6f 10 1
1b71 9 1
1b72 12 1
1b73 10 1
1b74 8 1
1b75 10 1
1b76 11 1
1b77 9 1
1b78 12 3
1b79 14 1
1b7a 17 1
1b7b 15 1
1b7c 13 1
1b7d 15 1
1b7e 16 1
1b7f 14 1
1ba1 8 3
1ba2 4 1
1ba3 8 1
1ba4 6 3
1ba5 10 11
1ba6 6 1
1ba7 10 1
1baa 4 1
1bab 8 1
1bae 6 1
1baf 10 1
1bb1 8 1
1bb2 7 1
1bb3 7 1
1bb4 6 3
1bb5 10 1
1bb6 9 1
1bb7 9 1
1bba 10 1
1bbb 6 1
1bbe 12 1
1bbf 8 1
1be1 10 3
1be2 8 1
1be3 12 1
1be4 8 1
1be5 12 1
1be6 8 1
1be7 12 1
1bea 10 1
1beb 14 1
1bee 8 1
1bef 12 1
1bf1 10 1
1bf2 11 1
1bf3 11 1
1bf4 8 1
1bf5 12 1
1bf6 11 1
1bf7 11 1
1bfa 16 1
1bfb 12 1
1bfe 14 1
1bff 10 1
1e21 4 11
1e22 3 4
1e23 4 4
1e24 5 8
1e25 6 8
1e26 5 6
1e27 6 6
1e29 4 11
1e2a 3 4
1e2b 4 4
1e2c 5 8
1e2d 6 8
1e2e 5 6
1e2f 6 6
1e31 8 10
1e32 10 33
1e33 9 17
1e35 10 18
1e36 12 65
1e37 11 33
1e39 11 34
1e3a 13 65
1e3b 12 33
1e3c 12 71
1e3d 13 66
1e3e 15 129
1e3f 14 65
1e42 6 12
1e43 6 12
1e44 4 4
1e45 4 4
1e46 6 6
1e47 6 6
1e4a 8 14
1e4b 8 14
1e4e 8 10
1e4f 8 10
1e51 8 10
1e53 13 66
1e54 8 10
1e55 8 10
1e56 13 66
1e57 13 66
1e5a 18 523
1e5b 18 513
1e5e 18 513
1e5f 18 513
1e61 4 11
1e62 5 6
1e63 6 6
1e64 5 6
1e65 6 6
1e66 3 4
1e67 4 4
1e68 5 8
1e69 6 23
1e6a 7 10
1e6b 8 10
1e6c 7 10
1e6d 8 10
1e6e 5 6
1e6f 6 6
1e71 8 10
1e72 12 65
1e73 11 33
1e74 9 18
1e75 10 18
1e76 10 33
1e77 9 17
1e78 12 69
1e79 13 66
1e7a 17 257
1e7b 16 129
1e7c 14 129
1e7d 15 130
1e7e 15 129
1e7f 14 65
1ea1 6 35
1ea2 4 4
1ea3 6 4
1ea4 8 12
1ea5 10 139
1ea6 8 10
1ea7 10 10
1eaa 4 4
1eab 6 4
1eae 8 10
1eaf 10 10
1eb1 10 10
1eb2 11 34
1eb3 11 34
1eb4 12 42
1eb5 14 34
1eb6 15 130
1eb7 15 130
1eba 14 129
1ebb 12 33
1ebe 18 513
1ebf 16 129
1ee1 4 11
1ee2 4 5
1ee3 6 6
1ee4 6 9
1ee5 8 10
1ee6 4 5
1ee7 6 6
1eea 6 9
1eeb 8 10
1eee 2 3
1eef 4 4
1ef1 8 10
1ef2 11 33
1ef3 11 33
1ef4 10 33
1ef5 12 34
1ef6 11 33
1ef7 11 33
1efa 16 129
1efb 14 33
1efe 12 33
1eff 10 9
1f11 6 1
1f12 9 3
1f13 9 1
1f15 6 1
1f16 9 3
1f17 9 1
1f1a 12 3
1f1b 12 1
1f1e 12 3
1f1f 12 1
1f21 6 3
1f22 4 1
1f23 6 1
1f24 6 3
1f25 8 3
1f26 6 1
1f27 8 1
1f29 6 3
1f2a 4 1
1f2b 6 1
1f2c 6 3
1f2d 8 3
1f2e 6 1
1f2f 8 1
1f31 8 1
1f32 9 1
1f33 7 1
1f34 8 3
1f35 10 1
1f36 11 1
1f37 9 1
1f38 9 3
1f39 11 1
1f3a 12 1
1f3b 10 1
1f3c 11 7
1f3d 13 1
1f3e 14 1
1f3f 12 1
1f42 6 3
1f43 6 3
1f44 4 1
1f45 4 1
1f46 6 1
1f47 6 1
1f4a 8 3
1f4b 8 3
1f4e 8 1
1f4f 8 1
1f51 8 1
1f52 13 3
1f53 13 1
1f54 8 1
1f55 8 1
1f56 13 1
1f57 13 1
1f5a 18 11
1f5b 18 1
1f5e 18 1
1f5f 18 1
1f61 6 3
1f62 6 1
1f63 8 1
1f64 6 1
1f65 8 1
1f66 4 1
1f67 6 1
1f68 6 3
1f69 8 7
1f6a 8 1
1f6b 10 1
1f6c 8 1
1f6d 10 1
1f6e 6 1
1f6f 8 1
1f71 8 1
1f72 11 1
1f73 9 1
1f74 8 1
1f75 10 1
1f76 9 1
1f77 7 1
1f78 11 3
1f79 13 1
1f7a 16 1
1f7b 14 1
1f7c 13 1
1f7d 15 1
1f7e 14 1
1f7f 12 1
1fa1 10 3
1fa2 6 1
1fa3 10 1
1fa4 10 3
1fa5 14 11
1fa6 10 1
1fa7 14 1
1faa 6 1
1fab 10 1
1fae 10 1
1faf 14 1
1fb1 10 1
1fb2 9 1
1fb3 9 1
1fb4 10 3
1fb5 14 1
1fb6 13 1
1fb7 13 1
1fba 12 1
1fbb 8 1
1fbe 16 1
1fbf 12 1
1fe1 8 3
1fe2 6 1
1fe3 10 1
1fe4 8 1
1fe5 12 1
1fe6 6 1
1fe7 10 1
1fea 8 1
1feb 12 1
1fee 4 1
1fef 8 1
1ff1 8 1
1ff2 9 1
1ff3 9 1
1ff4 8 1
1ff5 12 1
1ff6 9 1
1ff7 9 1
1ffa 14 1
1ffb 10 1
1ffe 10 1
1fff 6 1
3111 1 1
3112 2 3
3113 2 1
3115 1 1
3116 2 3
3117 2 1
3118 2 3
3119 2 1
311a 3 3
311b 3 1
311c 2 3
311d 2 1
311e 3 3
311f 3 1
3121 6 4
3122 3 3
3123 6 4
3125 7 4
3126 4 4
3127 7 4
3129 6 4
312a 3 3
312b 6 4
312d 7 4
312e 4 4
312f 7 4
3131 6 1
3132 4 1
3133 5 1
3135 7 1
3136 5 1
3137 6 1
3138 4 7
3139 7 1
313a 5 1
313b 6 1
313c 5 7
313d 8 1
313e 6 1
313f 7 1
3151 1 1
3153 3 1
3154 1 1
3155 1 1
3156 3 1
3157 3 1
3159 3 1
315a 5 11
315b 5 1
315c 3 1
315d 3 1
315e 5 1
315f 5 1
3162 4 4
3163 7 6
3164 4 4
3165 7 6
3166 3 3
3167 6 5
3169 7 35
316a 5 4
316b 8 6
316c 5 4
316d 8 6
316e 4 4
316f 7 6
3171 6 1
3172 5 1
3173 6 1
3174 4 1
3175 7 1
3176 4 1
3177 5 1
3178 5 11
3179 8 1
317a 7 1
317b 8 1
317c 6 1
317d 9 1
317e 6 1
317f 7 1
3181 4 4
3183 4 4
3185 5 4
3187 5 4
3188 2 3
3189 4 4
318a 2 3
318b 4 4
318c 3 5
318d 5 4
318e 3 5
318f 5 4
3191 4 1
3192 3 7
3193 5 1
3195 5 1
3196 4 7
3197 6 1
3198 3 1
3199 3 1
319a 4 1
319b 4 1
319c 4 1
319d 4 1
319e 5 1
319f 5 1
31a2 4 3
31a3 9 6
31a5 11 265
31a6 6 4
31a7 11 6
31a8 4 3
31a9 9 6
31aa 4 3
31ab 9 6
31ac 6 4
31ad 11 6
31ae 6 4
31af 11 6
31b1 9 1
31b2 5 1
31b3 8 1
31b5 11 1
31b6 7 1
31b7 10 1
31b8 5 1
31b9 8 1
31ba 6 1
31bb 7 1
31bc 7 1
31bd 10 1
31be 8 1
31bf 9 1
31c3 5 20
31c4 3 5
31c5 5 9
31c6 4 6
31c7 6 10
31c8 3 5
31c9 5 9
31ca 4 6
31cb 6 10
31cc 2 3
31cd 4 5
31ce 3 5
31cf 5 9
31d1 4 1
31d2 4 13
31d3 6 1
31d4 3 1
31d5 5 1
31d6 5 1
31d7 7 1
31d8 4 1
31d9 4 1
31da 6 1
31db 6 1
31dc 3 1
31dd 3 1
31de 5 1
31df 5 1
31e2 5 4
31e3 10 6
31e4 6 4
31e5 11 6
31e6 5 4
31e7 10 6
31e8 5 4
31e9 10 6
31ea 6 4
31eb 11 6
31ec 5 4
31ed 10 6
31ee 4 3
31ef 9 6
31f1 9 1
31f2 6 1
31f3 9 1
31f4 6 1
31f5 11 1
31f6 6 1
31f7 9 1
31f8 6 1
31f9 9 1
31fa 8 1
31fb 9 1
31fc 6 1
31fd 9 1
31fe 6 1
31ff 7 1
3311 2 1
3312 5 3
3313 5 1
3315 2 1
3316 5 3
3317 5 1
3318 3 3
3319 3 1
331a 6 3
331b 6 1
331c 3 3
331d 3 1
331e 6 3
331f 6 1
3331 3 1
3333 0 1
3334 1 3
3335 4 1
3336 4 1
3337 1 1
333c 2 7
333d 5 1
333f 2 1
3342 3 4
3343 3 4
3344 1 3
3345 1 3
3346 3 4
3347 3 4
334a 4 4
334b 4 4
334c 2 4
334d 2 4
334e 4 4
334f 4 4
3351 3 1
3352 8 13
3353 8 1
3354 3 1
3355 3 1
3356 8 1
3357 8 1
3358 5 11
3359 5 1
335a 10 11
335b 10 1
335c 5 1
335d 5 1
335e 10 1
335f 10 1
3361 6 7
3362 5 1
3363 8 1
3364 4 1
3365 7 1
3366 4 1
3367 7 1
3369 7 7
336a 6 1
336b 9 1
336c 5 1
336d 8 1
336e 5 1
336f 8 1
3371 4 1
3372 6 1
3373 3 1
3374 2 1
3375 5 1
3376 5 1
3377 2 1
3378 3 3
3379 6 1
337a 8 1
337b 5 1
337c 4 1
337d 7 1
337e 7 1
337f 4 1
33c1 4 8
33c3 6 8
33c4 3 8
33c5 5 8
33c6 5 12
33c7 7 8
33cc 2 7
33cd 4 8
33cf 6 8
33d1 6 1
33d2 9 18
33d3 11 1
33d4 5 1
33d5 7 1
33d6 10 1
33d7 12 1
33d8 6 1
33d9 6 1
33da 11 1
33db 11 1
33dc 5 1
33dd 5 1
33de 10 1
33df 10 1
33f1 7 1
33f3 6 1
33f4 4 1
33f5 9 1
33f6 7 1
33f7 6 1
33fc 4 1
33fd 7 1
33ff 4 1
3422 3 4
3423 4 4
3424 6 4
3425 7 4
3426 6 4
3427 7 4
342a 3 4
342b 4 4
342c 6 4
342d 7 4
342e 6 4
342f 7 4
3431 4 4
3432 4 4
3433 3 4
3435 7 6
3436 7 6
3437 6 6
3439 5 4
343a 5 4
343b 4 4
343c 7 131
343d 8 6
343e 8 6
343f 7 6
3442 2 7
3443 2 7
3444 1 3
3445 1 3
3446 2 4
3447 2 4
3448 2 7
3449 2 7
344a 3 8
344b 3 8
344c 2 4
344d 2 4
344e 3 4
344f 3 4
3451 1 3
3453 3 4
3454 1 3
3455 1 3
3456 3 4
3457 3 4
3459 3 4
345a 5 24
345b 5 4
345c 3 4
345d 3 4
345e 5 4
345f 5 4
3462 4 4
3463 5 4
3464 6 6
3465 7 6
3466 5 5
3467 6 6
3468 4 19
3469 5 23
346a 5 4
346b 6 4
346c 7 6
346d 8 6
346e 6 6
346f 7 6
3471 4 4
3472 5 4
3473 4 4
3474 6 6
3475 7 6
3476 6 6
3477 5 5
3478 5 20
3479 6 4
347a 7 4
347b 6 4
347c 8 6
347d 9 6
347e 8 6
347f 7 6
34a2 4 4
34a3 6 4
34a5 11 2051
34a6 9 6
34a7 11 6
34a8 4 4
34a9 6 4
34aa 4 4
34ab 6 4
34ac 9 6
34ad 11 6
34ae 9 6
34af 11 6
34b1 6 4
34b2 5 4
34b3 5 4
34b5 11 6
34b6 10 6
34b7 10 6
34b8 5 4
34b9 5 4
34ba 6 4
34bb 4 4
34bc 10 6
34bd 10 6
34be 11 6
34bf 9 6
34c3 4 23
34c4 4 6
34c5 5 6
34c6 5 6
34c7 6 6
34c8 3 4
34c9 4 4
34ca 4 4
34cb 5 4
34cc 3 5
34cd 4 6
34ce 4 6
34cf 5 6
34d1 3 4
34d3 5 4
34d4 4 6
34d5 5 6
34d6 6 6
34d7 7 6
34d8 4 4
34d9 3 4
34da 6 4
34db 5 4
34dc 4 6
34dd 3 5
34de 6 6
34df 5 6
34e2 5 4
34e3 7 4
34e4 9 6
34e5 11 6
34e6 8 6
34e7 10 6
34e8 5 4
34e9 7 4
34ea 6 4
34eb 8 4
34ec 8 6
34ed 10 6
34ee 7 6
34ef 9 6
34f1 6 4
34f2 6 4
34f3 6 4
34f4 9 6
34f5 11 6
34f6 9 6
34f7 9 6
34f8 6 4
34f9 6 4
34fa 8 4
34fb 6 4
34fc 9 6
34fd 9 6
34fe 9 6
34ff 7 6
3511 2 1
3512 3 3
3513 3 1
3515 2 1
3516 3 3
3517 3 1
3518 3 3
3519 3 1
351a 4 3
351b 4 1
351c 3 3
351d 3 1
351e 4 3
351f 4 1
3521 9 81
3522 6 6
3523 9 10
3524 9 4
3525 12 6
3526 9 4
3527 12 6
3529 9 81
352a 6 6
352b 9 10
352c 9 4
352d 12 6
352e 9 4
352f 12 6
3531 9 1
3532 7 1
3533 8 1
3534 9 4
3535 12 1
3536 10 1
3537 11 1
3538 7 27
3539 10 1
353a 8 1
353b 9 1
353c 10 7
353d 13 1
353e 11 1
353f 12 1
3542 3 3
3543 3 3
3544 2 1
3545 2 1
3546 3 1
3547 3 1
3548 3 3
3549 3 3
354a 4 3
354b 4 3
354c 3 1
354d 3 1
354e 4 1
354f 4 1
3551 2 1
3552 4 3
3553 4 1
3554 2 1
3555 2 1
3556 4 1
3557 4 1
3558 4 3
3559 4 1
355a 6 11
355b 6 1
355c 4 1
355d 4 1
355e 6 1
355f 6 1
3561 9 81
3562 7 1
3563 10 1
3564 9 1
3565 12 1
3566 8 1
3567 11 1
3568 7 27
3569 10 7
356a 8 1
356b 11 1
356c 10 1
356d 13 1
356e 9 1
356f 12 1
3571 9 1
3572 8 1
3573 9 1
3574 9 1
3575 12 1
3576 9 1
3577 10 1
3578 8 3
3579 11 1
357a 10 1
357b 11 1
357c 11 1
357d 14 1
357e 11 1
357f 12 1
3581 6 12
3583 6 12
3585 8 22
3587 8 22
3588 4 11
3589 6 12
358a 4 11
358b 6 12
358c 6 21
358d 8 22
358e 6 21
358f 8 22
3591 6 1
3592 5 23
3593 7 1
3595 8 1
3596 7 7
3597 9 1
3598 5 1
3599 5 1
359a 6 1
359b 6 1
359c 7 1
359d 7 1
359e 8 1
359f 8 1
35a1 13 42
35a2 8 11
35a3 13 41
35a4 13 2052
35a5 18 132
35a6 13 38
35a7 18 132
35a8 8 11
35a9 13 41
35aa 8 11
35ab 13 41
35ac 13 41
35ad 18 132
35ae 13 38
35af 18 132
35b1 13 1
35b2 9 1
35b3 12 1
35b4 13 4
35b5 18 1
35b6 14 1
35b7 17 1
35b8 9 1
35b9 12 1
35ba 10 1
35bb 11 1
35bc 14 1
35bd 17 1
35be 15 1
35bf 16 1
35c1 6 12
35c2 5 23
35c3 7 7
35c4 6 1
35c5 8 1
35c6 7 1
35c7 9 1
35c8 5 1
35c9 7 1
35ca 6 1
35cb 8 1
35cc 5 1
35cd 7 1
35ce 6 1
35cf 8 1
35d1 6 1
35d2 6 3
35d3 8 1
35d4 6 1
35d5 8 1
35d6 8 1
35d7 10 1
35d8 6 1
35d9 6 1
35da 8 1
35db 8 1
35dc 6 1
35dd 6 1
35de 8 1
35df 8 1
35e1 13 42
35e2 9 1
35e3 14 1
35e4 13 1
35e5 18 1
35e6 12 1
35e7 17 1
35e8 9 1
35e9 14 1
35ea 10 1
35eb 15 1
35ec 12 1
35ed 17 1
35ee 11 1
35ef 16 1
35f1 13 1
35f2 10 1
35f3 13 1
35f4 13 1
35f5 18 1
35f6 13 1
35f7 16 1
35f8 10 1
35f9 13 1
35fa 12 1
35fb 13 1
35fc 13 1
35fd 16 1
35fe 13 1
35ff 14 1
3611 4 7
3612 7 36
3613 7 13
3615 4 7
3616 7 36
3617 7 13
3619 5 12
361a 8 36
361b 8 25
361d 5 12
361e 8 36
361f 8 25
3621 5 3
3622 4 1
3623 5 1
3624 7 3
3625 8 3
3626 7 1
3627 8 1
3629 5 3
362a 4 1
362b 5 1
362c 7 3
362d 8 3
362e 7 1
362f 8 1
3631 7 1
3632 9 1
3633 8 1
3634 9 22
3635 10 1
3636 12 1
3637 11 1
3639 8 1
363a 10 1
363b 9 1
363c 10 7
363d 11 1
363e 13 1
363f 12 1
3642 5 3
3643 5 3
3644 3 1
3645 3 1
3646 5 1
3647 5 1
3648 4 3
3649 4 3
364a 6 3
364b 6 3
364c 4 1
364d 4 1
364e 6 1
364f 6 1
3651 5 1
3652 10 51
3653 10 1
3654 5 1
3655 5 1
3656 10 1
3657 10 1
3658 7 53
3659 7 1
365a 12 11
365b 12 1
365c 7 1
365d 7 1
365e 12 1
365f 12 1
3661 4 3
3662 5 1
3663 6 1
3664 6 1
3665 7 1
3666 4 1
3667 5 1
3668 4 3
3669 5 7
366a 6 1
366b 7 1
366c 7 1
366d 8 1
366e 5 1
366f 6 1
3671 6 1
3672 10 1
3673 9 1
3674 8 1
3675 9 1
3676 9 1
3677 8 1
3678 7 5
3679 8 1
367a 12 1
367b 11 1
367c 10 1
367d 11 1
367e 11 1
367f 10 1
3691 6 12
3693 9 25
3695 8 8
3696 10 20
3697 11 20
3698 6 12
3699 5 7
369a 9 25
369b 8 13
369c 8 20
369d 7 8
369e 11 20
369f 10 20
36a2 5 1
36a3 7 1
36a5 12 11
36a6 10 1
36a7 12 1
36a8 5 1
36a9 7 1
36aa 5 1
36ab 7 1
36ac 10 1
36ad 12 1
36ae 10 1
36af 12 1
36b1 9 1
36b2 10 1
36b3 10 1
36b4 12 22
36b5 14 1
36b6 15 1
36b7 15 1
36b8 8 1
36b9 8 1
36ba 11 1
36bb 9 1
36bc 13 1
36bd 13 1
36be 16 1
36bf 14 1
36c2 6 36
36c3 7 7
36c4 6 1
36c5 7 1
36c6 8 1
36c7 9 1
36c8 5 1
36c9 6 1
36ca 7 1
36cb 8 1
36cc 5 1
36cd 6 1
36ce 7 1
36cf 8 1
36d1 7 1
36d2 11 43
36d3 12 1
36d4 8 1
36d5 9 1
36d6 13 1
36d7 14 1
36d8 8 1
36d9 7 1
36da 13 1
36db 12 1
36dc 8 1
36dd 7 1
36de 13 1
36df 12 1
36e1 6 5
36e2 6 1
36e3 8 1
36e4 9 1
36e5 11 1
36e6 7 1
36e7 9 1
36e8 5 1
36e9 7 1
36ea 7 1
36eb 9 1
36ec 8 1
36ed 10 1
36ee 6 1
36ef 8 1
36f1 8 1
36f2 11 1
36f3 11 1
36f4 11 1
36f5 13 1
36f6 12 1
36f7 12 1
36f8 8 1
36f9 8 1
36fa 13 1
36fb 11 1
36fc 11 1
36fd 11 1
36fe 12 1
36ff 10 1
3711 3 1
3712 6 3
3713 6 1
3715 3 1
3716 6 3
3717 6 1
3718 4 3
3719 4 1
371a 7 3
371b 7 1
371c 4 3
371d 4 1
371e 7 3
371f 7 1
3721 8 3
3722 5 1
3723 8 1
3724 8 3
3725 11 3
3726 8 1
3727 11 1
3729 8 3
372a 5 1
372b 8 1
372c 8 3
372d 11 3
372e 8 1
372f 11 1
3731 6 1
3732 6 1
3733 3 1
3734 6 3
3735 9 1
3736 9 1
3737 6 1
3738 4 3
3739 7 1
373a 7 1
373b 4 1
373c 7 7
373d 10 1
373e 10 1
373f 7 1
3742 4 3
3743 4 3
3744 2 1
3745 2 1
3746 4 1
3747 4 1
3748 3 3
3749 3 3
374a 5 3
374b 5 3
374c 3 1
374d 3 1
374e 5 1
374f 5 1
3751 4 1
3752 9 3
3753 9 1
3754 4 1
3755 4 1
3756 9 1
3757 9 1
3758 6 3
3759 6 1
375a 11 11
375b 11 1
375c 6 1
375d 6 1
375e 11 1
375f 11 1
3761 7 3
3762 6 1
3763 9 1
3764 7 1
3765 10 1
3766 5 1
3767 8 1
3768 5 3
3769 8 7
376a 7 1
376b 10 1
376c 8 1
376d 11 1
376e 6 1
376f 9 1
3771 5 1
3772 7 1
3773 4 1
3774 5 1
3775 8 1
3776 6 1
3777 3 1
3778 4 3
3779 7 1
377a 9 1
377b 6 1
377c 7 1
377d 10 1
377e 8 1
377f 5 1
3781 5 4
3783 5 4
3785 7 6
3787 7 6
3788 3 3
3789 5 4
378a 3 3
378b 5 4
378c 5 5
378d 7 6
378e 5 5
378f 7 6
3791 7 1
3792 8 7
3793 10 1
3795 9 1
3796 10 7
3797 12 1
3798 6 1
3799 6 1
379a 9 1
379b 9 1
379c 8 1
379d 8 1
379e 11 1
379f 11 1
37a1 12 13
37a2 7 1
37a3 12 1
37a4 12 13
37a5 17 11
37a6 12 1
37a7 17 1
37a8 7 1
37a9 12 1
37aa 7 1
37ab 12 1
37ac 12 1
37ad 17 1
37ae 12 1
37af 17 1
37b1 10 1
37b2 8 1
37b3 7 1
37b4 10 5
37b5 15 1
37b6 13 1
37b7 12 1
37b8 6 1
37b9 9 1
37ba 9 1
37bb 6 1
37bc 11 1
37bd 14 1
37be 14 1
37bf 11 1
37c1 6 4
37c2 6 7
37c3 8 7
37c4 6 1
37c5 8 1
37c6 8 1
37c7 10 1
37c8 5 1
37c9 7 1
37ca 7 1
37cb 9 1
37cc 5 1
37cd 7 1
37ce 7 1
37cf 9 1
37d1 8 1
37d2 11 3
37d3 13 1
37d4 8 1
37d5 10 1
37d6 13 1
37d7 15 1
37d8 8 1
37d9 8 1
37da 13 1
37db 13 1
37dc 8 1
37dd 8 1
37de 13 1
37df 13 1
37e1 11 5
37e2 8 1
37e3 13 1
37e4 11 1
37e5 16 1
37e6 9 1
37e7 14 1
37e8 7 1
37e9 12 1
37ea 9 1
37eb 14 1
37ec 10 1
37ed 15 1
37ee 8 1
37ef 13 1
37f1 9 1
37f2 9 1
37f3 8 1
37f4 9 1
37f5 14 1
37f6 10 1
37f7 9 1
37f8 6 1
37f9 9 1
37fa 11 1
37fb 8 1
37fc 9 1
37fd 12 1
37fe 10 1
37ff 7 1
3c11 4 8
3c13 5 8
3c15 4 8
3c17 5 8
3c18 7 20
3c19 7 20
3c1a 8 20
3c1b 8 20
3c1c 7 20
3c1d 7 20
3c1e 8 20
3c1f 8 20
3c31 7 8
3c33 6 8
3c34 9 12
3c35 10 12
3c36 10 12
3c37 9 12
3c3c 12 8
3c3d 13 8
3c3f 12 8
3c42 4 11
3c43 4 24
3c44 3 8
3c45 3 8
3c46 4 8
3c47 4 8
3c48 5 8
3c49 5 8
3c4a 6 8
3c4b 6 8
3c4c 5 8
3c4d 5 8
3c4e 6 8
3c4f 6 8
3c51 5 8
3c52 7 136
3c53 7 8
3c54 5 8
3c55 5 8
3c56 7 8
3c57 7 8
3c58 10 36
3c59 10 36
3c5a 12 36
3c5b 12 36
3c5c 10 36
3c5d 10 36
3c5e 12 36
3c5f 12 36
3c62 6 12
3c63 7 12
3c64 8 38
3c65 9 38
3c66 7 25
3c67 8 38
3c68 7 8
3c69 8 8
3c6a 8 8
3c6b 9 8
3c6c 10 22
3c6d 11 22
3c6e 9 22
3c6f 10 22
3c71 8 8
3c72 9 8
3c73 8 8
3c74 10 14
3c75 11 14
3c76 10 14
3c77 9 14
3c78 12 8
3c79 13 8
3c7a 14 8
3c7b 13 8
3c7c 15 14
3c7d 16 14
3c7e 15 14
3c7f 14 14
3cc1 3 15
3cc3 4 31
3cc4 4 13
3cc5 5 14
3cc6 5 14
3cc7 6 14
3ccc 2 7
3ccd 3 8
3ccf 4 8
3cd1 5 8
3cd2 6 51
3cd3 7 8
3cd4 6 12
3cd5 7 12
3cd6 8 12
3cd7 9 12
3cd8 9 38
3cd9 8 25
3cda 11 38
3cdb 10 38
3cdc 7 22
3cdd 6 13
3cde 9 22
3cdf 8 22
3cf1 8 8
3cf3 8 8
3cf4 11 14
3cf5 13 14
3cf6 11 14
3cf7 11 14
3cfc 12 26
3cfd 12 26
3cff 10 25
3d11 5 1
3d12 6 3
3d13 6 1
3d15 5 1
3d16 6 3
3d17 6 1
3d18 8 3
3d19 8 1
3d1a 9 3
3d1b 9 1
3d1c 8 3
3d1d 8 1
3d1e 9 3
3d1f 9 1
3d21 10 82
3d22 7 6
3d23 10 10
3d24 10 4
3d25 13 6
3d26 10 4
3d27 13 6
3d29 10 132
3d2a 7 6
3d2b 10 10
3d2c 10 4
3d2d 13 6
3d2e 10 4
3d2f 13 6
3d31 12 1
3d32 10 1
3d33 11 1
3d34 12 4
3d35 15 1
3d36 13 1
3d37 14 1
3d38 12 42
3d39 15 1
3d3a 13 1
3d3b 14 1
3d3c 15 7
3d3d 18 1
3d3e 16 1
3d3f 17 1
3d42 5 3
3d43 5 3
3d44 4 1
3d45 4 1
3d46 5 1
3d47 5 1
3d48 6 3
3d49 6 3
3d4a 7 3
3d4b 7 3
3d4c 6 1
3d4d 6 1
3d4e 7 1
3d4f 7 1
3d51 6 1
3d52 8 3
3d53 8 1
3d54 6 1
3d55 6 1
3d56 8 1
3d57 8 1
3d58 11 3
3d59 11 1
3d5a 13 11
3d5b 13 1
3d5c 11 1
3d5d 11 1
3d5e 13 1
3d5f 13 1
3d61 11 132
3d62 9 1
3d63 12 1
3d64 11 1
3d65 14 1
3d66 10 1
3d67 13 1
3d68 10 14
3d69 13 7
3d6a 11 1
3d6b 14 1
3d6c 13 1
3d6d 16 1
3d6e 12 1
3d6f 15 1
3d71 13 1
3d72 12 1
3d73 13 1
3d74 13 1
3d75 16 1
3d76 13 1
3d77 14 1
3d78 15 3
3d79 18 1
3d7a 17 1
3d7b 18 1
3d7c 18 1
3d7d 21 1
3d7e 18 1
3d7f 19 1
3d81 7 3
3d83 7 3
3d84 7 3
3d85 9 3
3d86 7 3
3d87 9 3
3d88 5 1
3d89 7 1
3d8a 5 1
3d8b 7 1
3d8c 7 1
3d8d 9 1
3d8e 7 1
3d8f 9 1
3d91 7 1
3d92 6 3
3d93 8 1
3d94 7 3
3d95 9 1
3d96 8 7
3d97 10 1
3d98 8 1
3d99 6 1
3d9a 9 1
3d9b 7 1
3d9c 10 1
3d9d 8 1
3d9e 11 1
3d9f 9 1
3da1 14 260
3da2 9 1
3da3 14 1
3da4 14 4
3da5 19 11
3da6 14 1
3da7 19 1
3da8 9 1
3da9 14 1
3daa 9 1
3dab 14 1
3dac 14 1
3dad 19 1
3dae 14 1
3daf 19 1
3db1 14 1
3db2 10 1
3db3 13 1
3db4 14 3
3db5 19 1
3db6 15 1
3db7 18 1
3db8 12 1
3db9 13 1
3dba 13 1
3dbb 12 1
3dbc 17 1
3dbd 18 1
3dbe 18 1
3dbf 17 1
3dc1 6 3
3dc2 5 3
3dc3 7 7
3dc4 6 1
3dc5 8 1
3dc6 7 1
3dc7 9 1
3dc8 6 1
3dc9 8 1
3dca 7 1
3dcb 9 1
3dcc 4 1
3dcd 6 1
3dce 5 1
3dcf 7 1
3dd1 6 1
3dd2 6 3
3dd3 8 1
3dd4 6 1
3dd5 8 1
3dd6 8 1
3dd7 10 1
3dd8 9 1
3dd9 7 1
3dda 11 1
3ddb 9 1
3ddc 7 1
3ddd 5 1
3dde 9 1
3ddf 7 1
3de1 13 3
3de2 9 1
3de3 14 1
3de4 13 1
3de5 18 1
3de6 12 1
3de7 17 1
3de8 10 1
3de9 15 1
3dea 11 1
3deb 16 1
3dec 11 1
3ded 16 1
3dee 10 1
3def 15 1
3df1 13 1
3df2 10 1
3df3 13 1
3df4 13 1
3df5 18 1
3df6 13 1
3df7 16 1
3df8 13 1
3df9 14 1
3dfa 15 1
3dfb 14 1
3dfc 14 1
3dfd 15 1
3dfe 14 1
3dff 13 1
3f11 6 1
3f12 9 3
3f13 9 1
3f15 6 1
3f16 9 3
3f17 9 1
3f18 9 3
3f19 9 1
3f1a 12 3
3f1b 12 1
3f1c 9 3
3f1d 9 1
3f1e 12 3
3f1f 12 1
3f31 9 1
3f33 6 1
3f34 9 3
3f35 12 1
3f36 12 1
3f37 9 1
3f3c 12 7
3f3d 15 1
3f3f 12 1
3f42 6 3
3f43 6 3
3f44 4 1
3f45 4 1
3f46 6 1
3f47 6 1
3f48 6 3
3f49 6 3
3f4a 8 3
3f4b 8 3
3f4c 6 1
3f4d 6 1
3f4e 8 1
3f4f 8 1
3f51 8 1
3f52 13 3
3f53 13 1
3f54 8 1
3f55 8 1
3f56 13 1
3f57 13 1
3f58 13 3
3f59 13 1
3f5a 18 11
3f5b 18 1
3f5c 13 1
3f5d 13 1
3f5e 18 1
3f5f 18 1
3f61 9 3
3f62 8 1
3f63 11 1
3f64 9 1
3f65 12 1
3f66 7 1
3f67 10 1
3f68 8 3
3f69 11 7
3f6a 10 1
3f6b 13 1
3f6c 11 1
3f6d 14 1
3f6e 9 1
3f6f 12 1
3f71 9 1
3f72 11 1
3f73 8 1
3f74 9 1
3f75 12 1
3f76 10 1
3f77 7 1
3f78 11 3
3f79 14 1
3f7a 16 1
3f7b 13 1
3f7c 14 1
3f7d 17 1
3f7e 15 1
3f7f 12 1
3fc1 6 3
3fc3 8 7
3fc4 6 1
3fc5 8 1
3fc6 8 1
3fc7 10 1
3fcc 4 1
3fcd 6 1
3fcf 8 1
3fd1 8 1
3fd2 11 3
3fd3 13 1
3fd4 8 1
3fd5 10 1
3fd6 13 1
3fd7 15 1
3fd8 11 1
3fd9 9 1
3fda 16 1
3fdb 14 1
3fdc 9 1
3fdd 7 1
3fde 14 1
3fdf 12 1
3ff1 9 1
3ff3 8 1
3ff4 9 1
3ff5 14 1
3ff6 10 1
3ff7 9 1
3ffc 10 1
3ffd 11 1
3fff 6 1
5111 0 1
5112 1 3
5113 1 1
5115 0 1
5116 1 3
5117 1 1
511a 2 3
511b 2 1
511e 2 3
511f 2 1
5121 3 4
5122 1 3
5123 3 4
5125 4 4
5126 2 4
5127 4 4
5129 3 4
512a 1 3
512b 3 4
512d 4 4
512e 2 4
512f 4 4
5131 3 1
5132 2 1
5133 2 1
5135 4 1
5136 3 1
5137 3 1
5138 2 7
5139 4 1
513a 3 1
513b 3 1
513c 3 7
513d 5 1
513e 4 1
513f 4 1
5151 0 1
5153 2 1
5154 0 1
5155 0 1
5156 2 1
5157 2 1
515a 4 11
515b 4 1
515e 4 1
515f 4 1
5162 2 4
5163 4 6
5164 2 4
5165 4 6
5166 1 3
5167 3 5
5169 4 19
516a 3 4
516b 5 6
516c 3 4
516d 5 6
516e 2 4
516f 4 6
5171 3 1
5172 3 1
5173 3 1
5174 2 1
5175 4 1
5176 2 1
5177 2 1
5178 3 11
5179 5 1
517a 5 1
517b 5 1
517c 4 1
517d 6 1
517e 4 1
517f 4 1
51a2 2 3
51a3 6 9
51a5 8 70
51a6 4 4
51a7 8 10
51aa 2 3
51ab 6 9
51ae 4 4
51af 8 10
51b1 6 1
51b2 3 1
51b3 5 1
51b5 8 1
51b6 5 1
51b7 7 1
51ba 4 1
51bb 4 1
51be 6 1
51bf 6 1
51e2 3 4
51e3 7 10
51e4 4 4
51e5 8 10
51e6 3 4
51e7 7 10
51ea 4 4
51eb 8 10
51ee 2 3
51ef 6 9
51f1 6 1
51f2 4 1
51f3 6 1
51f4 4 1
51f5 8 1
51f6 4 1
51f7 6 1
51fa 6 1
51fb 6 1
51fe 4 1
51ff 4 1
5211 4 4
5212 7 4
5213 7 4
5215 4 4
5216 7 4
5217 7 4
5219 5 4
521a 8 4
521b 8 4
521d 5 4
521e 8 4
521f 8 4
5221 3 7
5222 2 3
5223 3 4
5225 4 11
5227 4 4
5229 3 7
522a 2 3
522b 3 4
522d 4 11
522f 4 4
5231 5 4
5232 7 6
5233 6 5
5234 5 35
5235 6 4
5236 8 6
5237 7 6
5239 6 4
523a 8 6
523b 7 6
523c 6 23
523d 7 4
523e 9 6
523f 8 6
5251 6 4
5253 12 10
5255 6 4
5257 12 10
5259 8 4
525a 14 8195
525b 14 10
525d 8 4
525f 14 10
5271 7 4
5272 12 10
5273 11 10
5275 8 4
5277 10 9
5279 9 4
527a 14 10
527b 13 10
527d 10 4
527f 12 10
5291 5 4
5293 8 6
5295 6 4
5296 8 259
5297 9 6
5298 5 4
5299 4 4
529a 8 6
529b 7 6
529c 6 4
529d 5 4
529e 9 6
529f 8 6
52a2 2 3
52a3 4 4
52a5 6 43
52a7 6 4
52a8 2 3
52a9 4 4
52aa 2 3
52ab 4 4
52ad 6 4
52af 6 4
52b1 6 4
52b2 7 6
52b3 7 6
52b4 6 36
52b5 8 4
52b6 9 6
52b7 9 6
52b8 5 4
52b9 5 4
52ba 8 6
52bb 6 5
52bc 7 4
52bd 7 4
52be 10 6
52bf 8 6
52d1 7 4
52d3 13 10
52d5 8 4
52d7 14 10
52d8 8 4
52d9 7 4
52da 14 10
52db 13 10
52dd 6 4
52df 12 10
52f1 8 4
52f2 12 10
52f3 12 10
52f5 10 4
52f7 12 10
52f8 8 4
52f9 8 4
52fa 14 10
52fb 12 10
52fd 8 4
52ff 10 9
5311 4 1
5312 7 3
5313 7 1
5315 4 1
5316 7 3
5317 7 1
5318 5 3
5319 5 1
531a 8 3
531b 8 1
531c 5 3
531d 5 1
531e 8 3
531f 8 1
5321 5 3
5322 3 1
5323 5 1
5324 4 3
5325 6 3
5326 4 1
5327 6 1
5329 5 3
532a 3 1
532b 5 1
532c 4 3
532d 6 3
532e 4 1
532f 6 1
5331 5 1
5332 6 1
5333 4 1
5334 4 3
5335 6 1
5336 7 1
5337 5 1
5338 4 3
5339 6 1
533a 7 1
533b 5 1
533c 5 7
533d 7 1
533e 8 1
533f 6 1
5342 7 4
5343 7 4
5344 4 4
5345 4 4
5346 7 4
5347 7 4
534a 8 4
534b 8 4
534c 5 4
534d 5 4
534e 8 4
534f 8 4
5351 6 1
5352 12 6
5353 12 1
5354 6 1
5355 6 1
5356 12 1
5357 12 1
5358 8 131
5359 8 1
535a 14 11
535b 14 1
535c 8 1
535d 8 1
535e 14 1
535f 14 1
5361 7 8
5362 8 1
5363 10 1
5364 6 1
5365 8 1
5366 7 1
5367 9 1
5369 8 7
536a 9 1
536b 11 1
536c 7 1
536d 9 1
536e 8 1
536f 10 1
5371 7 1
5372 11 1
5373 9 1
5374 6 1
5375 8 1
5376 10 1
5377 8 1
5378 7 3
5379 9 1
537a 13 1
537b 11 1
537c 8 1
537d 10 1
537e 12 1
537f 10 1
5381 5 8
5383 5 8
5385 6 8
5387 6 8
5388 3 7
5389 5 8
538a 3 7
538b 5 8
538c 4 12
538d 6 8
538e 4 12
538f 6 8
5391 7 1
5392 8 23
5393 10 1
5395 8 1
5396 9 7
5397 11 1
5398 6 1
5399 6 1
539a 9 1
539b 9 1
539c 7 1
539d 7 1
539e 10 1
539f 10 1
53a1 8 14
53a2 4 1
53a3 8 1
53a4 6 45
53a5 10 11
53a6 6 1
53a7 10 1
53a8 4 1
53a9 8 1
53aa 4 1
53ab 8 1
53ac 6 1
53ad 10 1
53ae 6 1
53af 10 1
53b1 8 1
53b2 7 1
53b3 7 1
53b4 6 5
53b5 10 1
53b6 9 1
53b7 9 1
53b8 5 1
53b9 7 1
53ba 8 1
53bb 6 1
53bc 7 1
53bd 9 1
53be 10 1
53bf 8 1
53c1 7 8
53c2 8 132
53c3 10 20
53c4 6 13
53c5 8 8
53c6 9 25
53c7 11 20
53c8 6 13
53c9 8 8
53ca 9 25
53cb 11 20
53cc 5 7
53cd 7 8
53ce 8 13
53cf 10 20
53d1 9 1
53d2 13 6
53d3 15 1
53d4 8 1
53d5 10 1
53d6 14 1
53d7 16 1
53d8 9 1
53d9 9 1
53da 15 1
53db 15 1
53dc 8 1
53dd 8 1
53de 14 1
53df 14 1
53e1 10 8
53e2 9 1
53e3 13 1
53e4 8 1
53e5 12 1
53e6 9 1
53e7 13 1
53e8 7 1
53e9 11 1
53ea 10 1
53eb 14 1
53ec 7 1
53ed 11 1
53ee 8 1
53ef 12 1
53f1 10 1
53f2 12 1
53f3 12 1
53f4 8 1
53f5 12 1
53f6 12 1
53f7 12 1
53f8 8 1
53f9 10 1
53fa 14 1
53fb 12 1
53fc 8 1
53fd 10 1
53fe 12 1
53ff 10 1
5511 0 1
5512 1 3
5513 1 1
5515 0 1
5516 1 3
5517 1 1
551a 2 3
551b 2 1
551e 2 3
551f 2 1
5521 4 4
5522 2 3
5523 4 4
5525 6 4
5527 6 4
5529 4 4
552a 2 3
552b 4 4
552d 6 4
552f 6 4
5531 4 1
5532 3 1
5533 3 1
5534 4 4
5535 6 1
5536 5 1
5537 5 1
5538 3 7
5539 5 1
553a 4 1
553b 4 1
553c 5 7
553d 7 1
553e 6 1
553f 6 1
5551 0 1
5552 2 3
5553 2 1
5555 0 1
5557 2 1
555a 4 11
555b 4 1
555f 4 1
5571 4 1
5572 4 1
5573 4 1
5575 6 1
5577 4 1
5578 4 3
5579 6 1
557a 6 1
557b 6 1
557d 8 1
557f 6 1
55a1 8 22
55a2 4 11
55a3 8 22
55a5 12 12
55a7 12 12
55aa 4 11
55ab 8 22
55af 12 12
55b1 8 1
55b2 5 1
55b3 7 1
55b4 8 4
55b5 12 1
55b6 9 1
55b7 11 1
55ba 6 1
55bb 6 1
55be 10 1
55bf 10 1
55f1 8 1
55f2 6 1
55f3 8 1
55f5 12 1
55f7 10 1
55fa 8 1
55fb 8 1
55ff 8 1
5711 4 1
5712 7 3
5713 7 1
5715 4 1
5716 7 3
5717 7 1
5718 5 3
5719 5 1
571a 8 3
571b 8 1
571c 5 3
571d 5 1
571e 8 3
571f 8 1
5721 6 3
5722 4 1
5723 6 1
5725 8 3
5727 8 1
5729 6 3
572a 4 1
572b 6 1
572d 8 3
572f 8 1
5731 6 1
5732 7 1
5733 5 1
5734 6 3
5735 8 1
5736 9 1
5737 7 1
5738 5 3
5739 7 1
573a 8 1
573b 6 1
573c 7 7
573d 9 1
573e 10 1
573f 8 1
5751 6 1
5752 12 3
5753 12 1
5755 6 1
5757 12 1
5758 8 3
5759 8 1
575a 14 11
575b 14 1
575d 8 1
575f 14 1
5771 6 1
5772 10 1
5773 8 1
5775 8 1
5777 6 1
5778 6 3
5779 8 1
577a 12 1
577b 10 1
577d 10 1
577f 8 1
5781 6 4
5783 6 4
5785 8 4
5787 8 4
5788 4 3
5789 6 4
578a 4 3
578b 6 4
578d 8 4
578f 8 4
5791 8 1
5792 9 7
5793 11 1
5794 8 6
5795 10 1
5796 11 7
5797 13 1
5798 7 1
5799 7 1
579a 10 1
579b 10 1
579c 9 1
579d 9 1
579e 12 1
579f 12 1
57a1 10 6
57a2 6 1
57a3 10 1
57a5 14 11
57a7 14 1
57a8 6 1
57a9 10 1
57aa 6 1
57ab 10 1
57ad 14 1
57af 14 1
57b1 10 1
57b2 9 1
57b3 9 1
57b4 10 5
57b5 14 1
57b6 13 1
57b7 13 1
57b8 7 1
57b9 9 1
57ba 10 1
57bb 8 1
57bc 11 1
57bd 13 1
57be 14 1
57bf 12 1
57d1 10 1
57d2 14 3
57d3 16 1
57d5 12 1
57d7 18 1
57d8 10 1
57d9 10 1
57da 16 1
57db 16 1
57dd 10 1
57df 16 1
57f1 10 1
57f2 12 1
57f3 12 1
57f5 14 1
57f7 12 1
57f8 8 1
57f9 10 1
57fa 14 1
57fb 12 1
57fd 12 1
57ff 10 1
5a11 8 22
5a12 11 132
5a13 11 74
5a15 8 22
5a16 11 132
5a17 11 74
5a1a 14 262
5a1b 14 262
5a1e 14 262
5a1f 14 262
5a21 5 7
5a22 4 11
5a23 5 12
5a25 6 43
5a27 6 12
5a29 5 23
5a2a 4 11
5a2b 5 12
5a2d 6 43
5a2f 6 12
5a31 9 22
5a32 11 74
5a33 10 41
5a34 9 323
5a35 10 22
5a36 12 74
5a37 11 74
5a38 11 68
5a39 12 68
5a3a 14 161
5a3b 13 81
5a3c 12 68
5a3d 13 68
5a3e 15 262
5a3f 14 161
5a51 12 12
5a52 18 36
5a53 18 36
5a55 12 12
5a57 18 36
5a5a 24 12
5a5b 24 12
5a5f 24 12
5a71 13 12
5a72 18 42
5a73 17 42
5a75 14 12
5a77 16 42
5a78 18 12
5a79 19 12
5a7a 24 42
5a7b 23 42
5a7d 20 12
5a7f 22 42
5aa1 6 43
5aa2 4 11
5aa3 6 12
5aa5 8 171
5aa7 8 12
5aaa 4 11
5aab 6 12
5aaf 8 12
5ab1 10 22
5ab2 11 74
5ab3 11 74
5ab4 10 163
5ab5 12 22
5ab6 13 74
5ab7 13 74
5aba 14 161
5abb 12 41
5abe 16 274
5abf 14 161
5af1 14 12
5af2 18 42
5af3 18 42
5af5 16 12
5af7 18 42
5afa 24 162
5afb 22 162
5aff 20 161
5b11 8 1
5b12 11 3
5b13 11 1
5b15 8 1
5b16 11 3
5b17 11 1
5b1a 14 3
5b1b 14 1
5b1e 14 3
5b1f 14 1
5b21 7 3
5b22 5 1
5b23 7 1
5b24 6 3
5b25 8 3
5b26 6 1
5b27 8 1
5b29 7 3
5b2a 5 1
5b2b 7 1
5b2c 6 3
5b2d 8 3
5b2e 6 1
5b2f 8 1
5b31 9 1
5b32 10 1
5b33 8 1
5b34 8 3
5b35 10 1
5b36 11 1
5b37 9 1
5b38 10 3
5b39 12 1
5b3a 13 1
5b3b 11 1
5b3c 11 7
5b3d 13 1
5b3e 14 1
5b3f 12 1
5b42 11 4
5b43 11 4
5b44 8 4
5b45 8 4
5b46 11 4
5b47 11 4
5b4a 14 4
5b4b 14 4
5b4e 14 4
5b4f 14 4
5b51 12 1
5b52 18 6
5b53 18 1
5b54 12 1
5b55 12 1
5b56 18 1
5b57 18 1
5b5a 24 11
5b5b 24 1
5b5e 24 1
5b5f 24 1
5b61 11 30
5b62 12 1
5b63 14 1
5b64 10 1
5b65 12 1
5b66 11 1
5b67 13 1
5b68 12 4
5b69 14 7
5b6a 15 1
5b6b 17 1
5b6c 13 1
5b6d 15 1
5b6e 14 1
5b6f 16 1
5b71 13 1
5b72 17 1
5b73 15 1
5b74 12 1
5b75 14 1
5b76 16 1
5b77 14 1
5b78 17 3
5b79 19 1
5b7a 23 1
5b7b 21 1
5b7c 18 1
5b7d 20 1
5b7e 22 1
5b7f 20 1
5ba1 10 3
5ba2 6 1
5ba3 10 1
5ba4 8 3
5ba5 12 11
5ba6 8 1
5ba7 12 1
5baa 6 1
5bab 10 1
5bae 8 1
5baf 12 1
5bb1 10 1
5bb2 9 1
5bb3 9 1
5bb4 8 3
5bb5 12 1
5bb6 11 1
5bb7 11 1
5bba 12 1
5bbb 8 1
5bbe 14 1
5bbf 10 1
5be1 14 3
5be2 13 1
5be3 17 1
5be4 12 1
5be5 16 1
5be6 13 1
5be7 17 1
5bea 16 1
5beb 20 1
5bee 14 1
5bef 18 1
5bf1 14 1
5bf2 16 1
5bf3 16 1
5bf4 12 1
5bf5 16 1
5bf6 16 1
5bf7 16 1
5bfa 22 1
5bfb 18 1
5bfe 20 1
5bff 16 1
5f11 8 1
5f12 11 3
5f13 11 1
5f15 8 1
5f16 11 3
5f17 11 1
5f1a 14 3
5f1b 14 1
5f1e 14 3
5f1f 14 1
5f21 8 3
5f22 6 1
5f23 8 1
5f25 10 3
5f27 10 1
5f29 8 3
5f2a 6 1
5f2b 8 1
5f2d 10 3
5f2f 10 1
5f31 10 1
5f32 11 1
5f33 9 1
5f34 10 3
5f35 12 1
5f36 13 1
5f37 11 1
5f38 11 3
5f39 13 1
5f3a 14 1
5f3b 12 1
5f3c 13 7
5f3d 15 1
5f3e 16 1
5f3f 14 1
5f51 12 1
5f52 18 3
5f53 18 1
5f55 12 1
5f57 18 1
5f5a 24 11
5f5b 24 1
5f5f 24 1
5f71 12 1
5f72 16 1
5f73 14 1
5f75 14 1
5f77 12 1
5f78 16 3
5f79 18 1
5f7a 22 1
5f7b 20 1
5f7d 20 1
5f7f 18 1
5fa1 12 3
5fa2 8 1
5fa3 12 1
5fa5 16 11
5fa7 16 1
5faa 8 1
5fab 12 1
5faf 16 1
5fb1 12 1
5fb2 11 1
5fb3 11 1
5fb4 12 3
5fb5 16 1
5fb6 15 1
5fb7 15 1
5fba 14 1
5fbb 10 1
5fbe 18 1
5fbf 14 1
5ff1 12 1
5ff2 14 1
5ff3 14 1
5ff5 16 1
5ff7 14 1
5ffa 20 1
5ffb 16 1
5fff 12 1
7111 1 1
7112 2 3
7113 2 1
7115 1 1
7116 2 3
7117 2 1
7118 2 3
7119 2 1
711a 3 3
711b 3 1
711c 2 3
711d 2 1
711e 3 3
711f 3 1
7121 6 4
7122 3 3
7123 6 4
7125 7 4
7126 4 4
7127 7 4
7129 6 4
712a 3 3
712b 6 4
712d 7 4
712e 4 4
712f 7 4
7131 6 1
7132 4 1
7133 5 1
7135 7 1
7136 5 1
7137 6 1
7138 4 7
7139 7 1
713a 5 1
713b 6 1
713c 5 7
713d 8 1
713e 6 1
713f 7 1
7151 1 1
7153 3 1
7154 1 1
7155 1 1
7156 3 1
7157 3 1
7159 3 1
715a 5 11
715b 5 1
715c 3 1
715d 3 1
715e 5 1
715f 5 1
7162 4 4
7163 7 6
7164 4 4
7165 7 6
7166 3 3
7167 6 5
7169 7 35
716a 5 4
716b 8 6
716c 5 4
716d 8 6
716e 4 4
716f 7 6
7171 6 1
7172 5 1
7173 6 1
7174 4 1
7175 7 1
7176 4 1
7177 5 1
7178 5 11
7179 8 1
717a 7 1
717b 8 1
717c 6 1
717d 9 1
717e 6 1
717f 7 1
7181 4 4
7183 4 4
7185 5 4
7187 5 4
7188 2 3
7189 4 4
718a 2 3
718b 4 4
718c 3 5
718d 5 4
718e 3 5
718f 5 4
7191 4 1
7192 3 7
7193 5 1
7195 5 1
7196 4 7
7197 6 1
7198 3 1
7199 3 1
719a 4 1
719b 4 1
719c 4 1
719d 4 1
719e 5 1
719f 5 1
71a2 4 3
71a3 9 6
71a5 11 265
71a6 6 4
71a7 11 6
71a8 4 3
71a9 9 6
71aa 4 3
71ab 9 6
71ac 6 4
71ad 11 6
71ae 6 4
71af 11 6
71b1 9 1
71b2 5 1
71b3 8 1
71b5 11 1
71b6 7 1
71b7 10 1
71b8 5 1
71b9 8 1
71ba 6 1
71bb 7 1
71bc 7 1
71bd 10 1
71be 8 1
71bf 9 1
71c3 5 20
71c4 3 5
71c5 5 9
71c6 4 6
71c7 6 10
71c8 3 5
71c9 5 9
71ca 4 6
71cb 6 10
71cc 2 3
71cd 4 5
71ce 3 5
71cf 5 9
71d1 4 1
71d2 4 13
71d3 6 1
71d4 3 1
71d5 5 1
71d6 5 1
71d7 7 1
71d8 4 1
71d9 4 1
71da 6 1
71db 6 1
71dc 3 1
71dd 3 1
71de 5 1
71df 5 1
71e2 5 4
71e3 10 6
71e4 6 4
71e5 11 6
71e6 5 4
71e7 10 6
71e8 5 4
71e9 10 6
71ea 6 4
71eb 11 6
71ec 5 4
71ed 10 6
71ee 4 3
71ef 9 6
71f1 9 1
71f2 6 1
71f3 9 1
71f4 6 1
71f5 11 1
71f6 6 1
71f7 9 1
71f8 6 1
71f9 9 1
71fa 8 1
71fb 9 1
71fc 6 1
71fd 9 1
71fe 6 1
71ff 7 1
7211 4 3
7212 7 4
7213 7 4
7215 4 3
7216 7 4
7217 7 4
7219 5 4
721a 8 4
721b 8 4
721d 5 4
721e 8 4
721f 8 4
7221 3 3
7222 2 1
7223 3 1
7225 4 3
7227 4 1
7229 3 3
722a 2 1
722b 3 1
722d 4 3
722f 4 1
7231 5 1
7232 7 1
7233 6 1
7234 5 7
7235 6 1
7236 8 1
7237 7 1
7239 6 1
723a 8 1
723b 7 1
723c 6 7
723d 7 1
723e 9 1
723f 8 1
7251 6 3
7253 12 9
7255 6 3
7257 12 9
7259 8 4
725a 14 515
725b 14 10
725d 8 4
725f 14 10
7271 7 1
7272 12 1
7273 11 1
7275 8 1
7277 10 1
7279 9 1
727a 14 1
727b 13 1
727d 10 1
727f 12 1
7291 5 4
7293 8 6
7295 6 4
7296 8 67
7297 9 6
7298 5 4
7299 4 3
729a 8 6
729b 7 5
729c 6 4
729d 5 4
729e 9 6
729f 8 6
72a2 2 1
72a3 4 1
72a5 6 11
72a7 6 1
72a8 2 1
72a9 4 1
72aa 2 1
72ab 4 1
72ad 6 1
72af 6 1
72b1 6 1
72b2 7 1
72b3 7 1
72b4 6 13
72b5 8 1
72b6 9 1
72b7 9 1
72b8 5 1
72b9 5 1
72ba 8 1
72bb 6 1
72bc 7 1
72bd 7 1
72be 10 1
72bf 8 1
72d1 7 4
72d3 13 10
72d5 8 4
72d7 14 10
72d8 8 4
72d9 7 4
72da 14 10
72db 13 10
72dd 6 3
72df 12 9
72f1 8 1
72f2 12 1
72f3 12 1
72f5 10 1
72f7 12 1
72f8 8 1
72f9 8 1
72fa 14 1
72fb 12 1
72fd 8 1
72ff 10 1
7311 3 1
7312 6 3
7313 6 1
7315 3 1
7316 6 3
7317 6 1
7318 4 3
7319 4 1
731a 7 3
731b 7 1
731c 4 3
731d 4 1
731e 7 3
731f 7 1
7321 6 3
7322 3 1
7323 6 1
7324 4 3
7325 7 3
7326 4 1
7327 7 1
7329 6 3
732a 3 1
732b 6 1
732c 4 3
732d 7 3
732e 4 1
732f 7 1
7331 4 1
7332 4 1
7333 1 1
7334 2 3
7335 5 1
7336 5 1
7337 2 1
7338 2 3
7339 5 1
733a 5 1
733b 2 1
733c 3 7
733d 6 1
733e 6 1
733f 3 1
7342 6 4
7343 6 4
7344 3 3
7345 3 3
7346 6 4
7347 6 4
734a 7 4
734b 7 4
734c 4 4
734d 4 4
734e 7 4
734f 7 4
7351 5 1
7352 11 6
7353 11 1
7354 5 1
7355 5 1
7356 11 1
7357 11 1
7358 7 11
7359 7 1
735a 13 11
735b 13 1
735c 7 1
735d 7 1
735e 13 1
735f 13 1
7361 8 7
7362 8 1
7363 11 1
7364 6 1
7365 9 1
7366 7 1
7367 10 1
7369 9 7
736a 9 1
736b 12 1
736c 7 1
736d 10 1
736e 8 1
736f 11 1
7371 6 1
7372 9 1
7373 6 1
7374 4 1
7375 7 1
7376 8 1
7377 5 1
7378 5 3
7379 8 1
737a 11 1
737b 8 1
737c 6 1
737d 9 1
737e 10 1
737f 7 1
7381 4 4
7383 4 4
7385 5 4
7387 5 4
7388 2 3
7389 4 4
738a 2 3
738b 4 4
738c 3 5
738d 5 4
738e 3 5
738f 5 4
7391 6 1
7392 7 7
7393 9 1
7395 7 1
7396 8 7
7397 10 1
7398 5 1
7399 5 1
739a 8 1
739b 8 1
739c 6 1
739d 6 1
739e 9 1
739f 9 1
73a1 9 13
73a2 4 1
73a3 9 1
73a4 6 13
73a5 11 11
73a6 6 1
73a7 11 1
73a8 4 1
73a9 9 1
73aa 4 1
73ab 9 1
73ac 6 1
73ad 11 1
73ae 6 1
73af 11 1
73b1 7 1
73b2 5 1
73b3 4 1
73b4 4 5
73b5 9 1
73b6 7 1
73b7 6 1
73b8 3 1
73b9 6 1
73ba 6 1
73bb 3 1
73bc 5 1
73bd 8 1
73be 8 1
73bf 5 1
73c1 6 8
73c2 7 37
73c3 9 20
73c4 5 11
73c5 7 8
73c6 8 25
73c7 10 20
73c8 5 7
73c9 7 8
73ca 8 25
73cb 10 20
73cc 4 7
73cd 6 8
73ce 7 13
73cf 9 20
73d1 8 1
73d2 12 6
73d3 14 1
73d4 7 1
73d5 9 1
73d6 13 1
73d7 15 1
73d8 8 1
73d9 8 1
73da 14 1
73db 14 1
73dc 7 1
73dd 7 1
73de 13 1
73df 13 1
73e1 11 26
73e2 9 1
73e3 14 1
73e4 8 1
73e5 13 1
73e6 9 1
73e7 14 1
73e8 7 1
73e9 12 1
73ea 10 1
73eb 15 1
73ec 7 1
73ed 12 1
73ee 8 1
73ef 13 1
73f1 9 1
73f2 10 1
73f3 9 1
73f4 6 1
73f5 11 1
73f6 10 1
73f7 9 1
73f8 6 1
73f9 9 1
73fa 12 1
73fb 9 1
73fc 6 1
73fd 9 1
73fe 10 1
73ff 7 1
7511 2 1
7512 3 3
7513 3 1
7515 2 1
7516 3 3
7517 3 1
7518 3 3
7519 3 1
751a 4 3
751b 4 1
751c 3 3
751d 3 1
751e 4 3
751f 4 1
7521 9 4
7522 6 3
7523 9 4
7525 12 4
7527 12 4
7529 9 4
752a 6 3
752b 9 4
752d 12 4
752f 12 4
7531 9 1
7532 7 1
7533 8 1
7534 9 4
7535 12 1
7536 10 1
7537 11 1
7538 7 7
7539 10 1
753a 8 1
753b 9 1
753c 10 7
753d 13 1
753e 11 1
753f 12 1
7551 2 1
7552 4 3
7553 4 1
7555 2 1
7557 4 1
7558 4 3
7559 4 1
755a 6 11
755b 6 1
755d 4 1
755f 6 1
7571 9 1
7572 8 1
7573 9 1
7575 12 1
7577 10 1
7578 8 3
7579 11 1
757a 10 1
757b 11 1
757d 14 1
757f 12 1
7581 6 4
7583 6 4
7585 8 4
7587 8 4
7588 4 3
7589 6 4
758a 4 3
758b 6 4
758d 8 4
758f 8 4
7591 6 1
7592 5 7
7593 7 1
7594 6 4
7595 8 1
7596 7 7
7597 9 1
7598 5 1
7599 5 1
759a 6 1
759b 6 1
759c 7 1
759d 7 1
759e 8 1
759f 8 1
75a1 13 42
75a2 8 11
75a3 13 41
75a5 18 132
75a7 18 132
75a8 8 11
75a9 13 41
75aa 8 11
75ab 13 41
75ad 18 132
75af 18 132
75b1 13 1
75b2 9 1
75b3 12 1
75b4 13 4
75b5 18 1
75b6 14 1
75b7 17 1
75b8 9 1
75b9 12 1
75ba 10 1
75bb 11 1
75bc 14 1
75bd 17 1
75be 15 1
75bf 16 1
75d1 6 1
75d2 6 3
75d3 8 1
75d5 8 1
75d7 10 1
75d8 6 1
75d9 6 1
75da 8 1
75db 8 1
75dd 6 1
75df 8 1
75f1 13 1
75f2 10 1
75f3 13 1
75f5 18 1
75f7 16 1
75f8 10 1
75f9 13 1
75fa 12 1
75fb 13 1
75fd 16 1
75ff 14 1
7711 2 1
7712 5 3
7713 5 1
7715 2 1
7716 5 3
7717 5 1
7718 3 3
7719 3 1
771a 6 3
771b 6 1
771c 3 3
771d 3 1
771e 6 3
771f 6 1
7721 7 3
7722 4 1
7723 7 1
7725 10 3
7727 10 1
7729 7 3
772a 4 1
772b 7 1
772d 10 3
772f 10 1
7731 5 1
7732 5 1
7733 2 1
7734 5 3
7735 8 1
7736 8 1
7737 5 1
7738 3 3
7739 6 1
773a 6 1
773b 3 1
773c 6 7
773d 9 1
773e 9 1
773f 6 1
7751 4 1
7752 10 3
7753 10 1
7755 4 1
7757 10 1
7758 6 3
7759 6 1
775a 12 11
775b 12 1
775d 6 1
775f 12 1
7771 3 1
7772 6 1
7773 3 1
7775 6 1
7777 0 1
7778 2 3
7779 5 1
777a 8 1
777b 5 1
777d 8 1
777f 2 1
7781 4 4
7783 4 4
7785 6 4
7787 6 4
7788 2 3
7789 4 4
778a 2 3
778b 4 4
778d 6 4
778f 6 4
7791 6 1
7792 7 7
7793 9 1
7794 6 6
7795 8 1
7796 9 7
7797 11 1
7798 5 1
7799 5 1
779a 8 1
779b 8 1
779c 7 1
779d 7 1
779e 10 1
779f 10 1
77a1 11 13
77a2 6 1
77a3 11 1
77a5 16 11
77a7 16 1
77a8 6 1
77a9 11 1
77aa 6 1
77ab 11 1
77ad 16 1
77af 16 1
77b1 9 1
77b2 7 1
77b3 6 1
77b4 9 5
77b5 14 1
77b6 12 1
77b7 11 1
77b8 5 1
77b9 8 1
77ba 8 1
77bb 5 1
77bc 10 1
77bd 13 1
77be 13 1
77bf 10 1
77d1 8 1
77d2 12 3
77d3 14 1
77d5 10 1
77d7 16 1
77d8 8 1
77d9 8 1
77da 14 1
77db 14 1
77dd 8 1
77df 14 1
77f1 7 1
77f2 8 1
77f3 7 1
77f5 12 1
77f7 6 1
77f8 4 1
77f9 7 1
77fa 10 1
77fb 7 1
77fd 10 1
77ff 4 1
7811 4 4
7813 5 4
7815 4 4
7817 5 4
7818 7 4
7819 7 4
781a 8 4
781b 8 4
781c 7 4
781d 7 4
781e 8 4
781f 8 4
7831 5 4
7832 5 4
7833 4 4
7835 6 4
7836 6 4
7837 5 4
7839 8 6
783a 8 6
783b 7 6
783c 8 132
783d 9 6
783e 9 6
783f 8 6
7851 6 4
7853 8 4
7855 6 4
7857 8 4
7859 12 10
785a 14 2052
785b 14 10
785d 12 10
785f 14 10
7871 7 4
7872 8 4
7873 7 4
7875 8 4
7877 6 4
7879 13 10
787a 14 10
787b 13 10
787d 14 10
787f 12 10
7881 3 7
7883 3 7
7885 4 11
7887 4 11
7888 2 3
7889 3 4
788a 2 3
788b 3 4
788d 4 4
788f 4 4
7891 5 4
7893 6 4
7894 5 35
7895 6 4
7896 6 23
7897 7 4
7898 7 6
7899 6 5
789a 8 6
789b 7 6
789c 8 6
789d 7 6
789e 9 6
789f 8 6
78a2 2 3
78a3 4 4
78a5 6 43
78a7 6 4
78a8 2 3
78a9 4 4
78aa 2 3
78ab 4 4
78ad 6 4
78af 6 4
78b1 6 4
78b2 5 4
78b3 5 4
78b4 6 67
78b5 8 4
78b6 7 4
78b7 7 4
78b8 7 6
78b9 7 6
78ba 8 6
78bb 6 5
78bc 9 6
78bd 9 6
78be 10 6
78bf 8 6
78d1 7 4
78d3 9 4
78d5 8 4
78d7 10 4
78d8 12 10
78d9 11 10
78da 14 10
78db 13 10
78dd 10 9
78df 12 10
78f1 8 4
78f2 8 4
78f3 8 4
78f5 10 4
78f7 8 4
78f8 12 10
78f9 12 10
78fa 14 10
78fb 12 10
78fd 12 10
78ff 10 9
7911 5 1
7912 6 3
7913 6 1
7915 5 1
7916 6 3
7917 6 1
7918 8 3
7919 8 1
791a 9 3
791b 9 1
791c 8 3
791d 8 1
791e 9 3
791f 9 1
7921 8 36
7922 5 7
7923 8 13
7925 9 36
7926 6 12
7927 9 25
7929 8 36
792a 5 7
792b 8 13
792d 9 36
792e 6 12
792f 9 25
7931 10 1
7932 8 1
7933 9 1
7935 11 1
7936 9 1
7937 10 1
7938 10 22
7939 13 1
793a 11 1
793b 12 1
793c 11 7
793d 14 1
793e 12 1
793f 13 1
7944 5 4
7945 5 4
7946 6 4
7947 6 4
7948 8 4
7949 8 4
794a 9 4
794b 9 4
794c 8 4
794d 8 4
794e 9 4
794f 9 4
7951 7 1
7952 9 260
7953 9 1
7954 7 1
7955 7 1
7956 9 1
7957 9 1
7958 13 4
7959 13 1
795a 15 11
795b 15 1
795c 13 1
795d 13 1
795e 15 1
795f 15 1
7961 10 12
7962 8 8
7963 11 12
7964 8 8
7965 11 12
7966 7 7
7967 10 12
7968 10 8
7969 13 8
796a 11 8
796b 14 8
796c 11 8
796d 14 8
796e 10 8
796f 13 8
7971 12 1
7972 11 1
7973 12 1
7974 10 1
7975 13 1
7976 10 1
7977 11 1
7978 15 4
7979 18 1
797a 17 1
797b 18 1
797c 16 1
797d 19 1
797e 16 1
797f 17 1
7981 6 3
7983 6 3
7984 5 3
7985 7 3
7986 5 3
7987 7 3
7988 4 1
7989 6 1
798a 4 1
798b 6 1
798c 5 1
798d 7 1
798e 5 1
798f 7 1
7991 6 1
7992 5 3
7993 7 1
7994 5 3
7995 7 1
7996 6 7
7997 8 1
7998 7 1
7999 5 1
799a 8 1
799b 6 1
799c 8 1
799d 6 1
799e 9 1
799f 7 1
79a1 11 51
79a2 6 1
79a3 11 1
79a4 8 51
79a5 13 11
79a6 8 1
79a7 13 1
79a8 6 1
79a9 11 1
79aa 6 1
79ab 11 1
79ac 8 1
79ad 13 1
79ae 8 1
79af 13 1
79b1 11 1
79b2 7 1
79b3 10 1
79b4 8 3
79b5 13 1
79b6 9 1
79b7 12 1
79b8 9 1
79b9 10 1
79ba 10 1
79bb 9 1
79bc 11 1
79bd 12 1
79be 12 1
79bf 11 1
79c1 8 8
79c3 9 7
79c4 7 1
79c5 9 1
79c6 8 1
79c7 10 1
79c8 9 1
79c9 11 1
79ca 10 1
79cb 12 1
79cc 8 1
79cd 10 1
79ce 9 1
79cf 11 1
79d1 8 1
79d2 8 5
79d3 10 1
79d4 7 1
79d5 9 1
79d6 9 1
79d7 11 1
79d8 12 1
79d9 10 1
79da 14 1
79db 12 1
79dc 11 1
79dd 9 1
79de 13 1
79df 11 1
79e1 13 12
79e2 9 1
79e3 14 1
79e4 10 1
79e5 15 1
79e6 9 1
79e7 14 1
79e8 11 1
79e9 16 1
79ea 12 1
79eb 17 1
79ec 11 1
79ed 16 1
79ee 10 1
79ef 15 1
79f1 13 1
79f2 10 1
79f3 13 1
79f4 10 1
79f5 15 1
79f6 10 1
79f7 13 1
79f8 14 1
79f9 15 1
79fa 16 1
79fb 15 1
79fc 14 1
79fd 15 1
79fe 14 1
79ff 13 1
7a11 8 6
7a12 11 132
7a13 11 10
7a15 8 6
7a16 11 132
7a17 11 10
7a18 11 4
7a19 11 4
7a1a 14 6
7a1b 14 6
7a1c 11 4
7a1d 11 4
7a1e 14 6
7a1f 14 6
7a21 5 3
7a22 4 1
7a23 5 1
7a25 6 3
7a27 6 1
7a29 5 3
7a2a 4 1
7a2b 5 1
7a2d 6 3
7a2f 6 1
7a31 9 1
7a32 11 1
7a33 10 1
7a34 9 27
7a35 10 1
7a36 12 1
7a37 11 1
7a38 11 4
7a39 12 1
7a3a 14 1
7a3b 13 1
7a3c 12 7
7a3d 13 1
7a3e 15 1
7a3f 14 1
7a51 12 11
7a52 18 36
7a53 18 36
7a55 12 11
7a57 18 36
7a58 18 12
7a59 18 12
7a5a 24 12
7a5b 24 12
7a5d 18 12
7a5f 24 12
7a71 13 1
7a72 18 1
7a73 17 1
7a75 14 1
7a77 16 1
7a78 18 4
7a79 19 1
7a7a 24 1
7a7b 23 1
7a7d 20 1
7a7f 22 1
7a81 5 3
7a83 5 3
7a85 6 3
7a87 6 3
7a88 4 1
7a89 5 1
7a8a 4 1
7a8b 5 1
7a8d 6 1
7a8f 6 1
7a91 9 1
7a92 11 132
7a93 12 1
7a94 9 27
7a95 10 1
7a96 12 7
7a97 13 1
7a98 11 1
7a99 10 1
7a9a 14 1
7a9b 13 1
7a9c 12 1
7a9d 11 1
7a9e 15 1
7a9f 14 1
7aa1 6 3
7aa2 4 1
7aa3 6 1
7aa5 8 11
7aa7 8 1
7aa8 4 1
7aa9 6 1
7aaa 4 1
7aab 6 1
7aad 8 1
7aaf 8 1
7ab1 10 1
7ab2 11 1
7ab3 11 1
7ab4 10 3
7ab5 12 1
7ab6 13 1
7ab7 13 1
7ab8 11 1
7ab9 11 1
7aba 14 1
7abb 12 1
7abc 13 1
7abd 13 1
7abe 16 1
7abf 14 1
7ad1 13 1
7ad2 18 36
7ad3 19 1
7ad5 14 1
7ad7 20 1
7ad8 18 1
7ad9 17 1
7ada 24 1
7adb 23 1
7add 16 1
7adf 22 1
7af1 14 1
7af2 18 1
7af3 18 1
7af5 16 1
7af7 18 1
7af8 18 1
7af9 18 1
7afa 24 1
7afb 22 1
7afd 18 1
7aff 20 1
7b11 7 1
7b12 10 3
7b13 10 1
7b15 7 1
7b16 10 3
7b17 10 1
7b18 10 3
7b19 10 1
7b1a 13 3
7b1b 13 1
7b1c 10 3
7b1d 10 1
7b1e 13 3
7b1f 13 1
7b21 8 3
7b22 5 1
7b23 8 1
7b24 6 3
7b25 9 3
7b26 6 1
7b27 9 1
7b29 8 3
7b2a 5 1
7b2b 8 1
7b2c 6 3
7b2d 9 3
7b2e 6 1
7b2f 9 1
7b31 8 1
7b32 8 1
7b33 5 1
7b34 6 3
7b35 9 1
7b36 9 1
7b37 6 1
7b38 8 3
7b39 11 1
7b3a 11 1
7b3b 8 1
7b3c 9 7
7b3d 12 1
7b3e 12 1
7b3f 9 1
7b42 10 4
7b43 10 4
7b44 7 4
7b45 7 4
7b46 10 4
7b47 10 4
7b48 10 4
7b49 10 4
7b4a 13 4
7b4b 13 4
7b4c 10 4
7b4d 10 4
7b4e 13 4
7b4f 13 4
7b51 11 1
7b52 17 6
7b53 17 1
7b54 11 1
7b55 11 1
7b56 17 1
7b57 17 1
7b58 17 4
7b59 17 1
7b5a 23 11
7b5b 23 1
7b5c 17 1
7b5d 17 1
7b5e 23 1
7b5f 23 1
7b61 12 11
7b62 12 1
7b63 15 1
7b64 10 1
7b65 13 1
7b66 11 1
7b67 14 1
7b68 12 4
7b69 15 7
7b6a 15 1
7b6b 18 1
7b6c 13 1
7b6d 16 1
7b6e 14 1
7b6f 17 1
7b71 12 1
7b72 15 1
7b73 12 1
7b74 10 1
7b75 13 1
7b76 14 1
7b77 11 1
7b78 15 3
7b79 18 1
7b7a 21 1
7b7b 18 1
7b7c 16 1
7b7d 19 1
7b7e 20 1
7b7f 17 1
7b81 6 3
7b83 6 3
7b84 5 3
7b85 7 3
7b86 5 3
7b87 7 3
7b88 4 1
7b89 6 1
7b8a 4 1
7b8b 6 1
7b8c 5 1
7b8d 7 1
7b8e 5 1
7b8f 7 1
7b91 8 1
7b92 9 3
7b93 11 1
7b94 7 3
7b95 9 1
7b96 10 7
7b97 12 1
7b98 9 1
7b99 7 1
7b9a 12 1
7b9b 10 1
7b9c 10 1
7b9d 8 1
7b9e 13 1
7b9f 11 1
7ba1 11 3
7ba2 6 1
7ba3 11 1
7ba4 8 3
7ba5 13 11
7ba6 8 1
7ba7 13 1
7ba8 6 1
7ba9 11 1
7baa 6 1
7bab 11 1
7bac 8 1
7bad 13 1
7bae 8 1
7baf 13 1
7bb1 9 1
7bb2 7 1
7bb3 6 1
7bb4 6 3
7bb5 11 1
7bb6 9 1
7bb7 8 1
7bb8 7 1
7bb9 8 1
7bba 10 1
7bbb 5 1
7bbc 9 1
7bbd 10 1
7bbe 12 1
7bbf 7 1
7bc1 10 14
7bc2 11 4
7bc3 13 7
7bc4 9 1
7bc5 11 1
7bc6 12 1
7bc7 14 1
7bc8 11 1
7bc9 13 1
7bca 14 1
7bcb 16 1
7bcc 10 1
7bcd 12 1
7bce 13 1
7bcf 15 1
7bd1 12 1
7bd2 16 5
7bd3 18 1
7bd4 11 1
7bd5 13 1
7bd6 17 1
7bd7 19 1
7bd8 16 1
7bd9 14 1
7bda 22 1
7bdb 20 1
7bdc 15 1
7bdd 13 1
7bde 21 1
7bdf 19 1
7be1 15 3
7be2 13 1
7be3 18 1
7be4 12 1
7be5 17 1
7be6 13 1
7be7 18 1
7be8 13 1
7be9 18 1
7bea 16 1
7beb 21 1
7bec 13 1
7bed 18 1
7bee 14 1
7bef 19 1
7bf1 13 1
7bf2 14 1
7bf3 13 1
7bf4 10 1
7bf5 15 1
7bf6 14 1
7bf7 13 1
7bf8 14 1
7bf9 15 1
7bfa 20 1
7bfb 15 1
7bfc 14 1
7bfd 15 1
7bfe 18 1
7bff 13 1
7d11 6 1
7d12 7 3
7d13 7 1
7d15 6 1
7d16 7 3
7d17 7 1
7d18 9 3
7d19 9 1
7d1a 10 3
7d1b 10 1
7d1c 9 3
7d1d 9 1
7d1e 10 3
7d1f 10 1
7d21 11 4
7d22 8 3
7d23 11 4
7d25 14 4
7d27 14 4
7d29 11 4
7d2a 8 3
7d2b 11 4
7d2d 14 4
7d2f 14 4
7d31 13 1
7d32 11 1
7d33 12 1
7d34 13 4
7d35 16 1
7d36 14 1
7d37 15 1
7d38 13 11
7d39 16 1
7d3a 14 1
7d3b 15 1
7d3c 16 7
7d3d 19 1
7d3e 17 1
7d3f 18 1
7d51 8 1
7d52 10 3
7d53 10 1
7d55 8 1
7d57 10 1
7d58 14 3
7d59 14 1
7d5a 16 11
7d5b 16 1
7d5d 14 1
7d5f 16 1
7d71 15 1
7d72 14 1
7d73 15 1
7d75 18 1
7d77 16 1
7d78 18 3
7d79 21 1
7d7a 20 1
7d7b 21 1
7d7d 24 1
7d7f 22 1
7d81 8 3
7d83 8 3
7d85 10 3
7d87 10 3
7d88 6 1
7d89 8 1
7d8a 6 1
7d8b 8 1
7d8d 10 1
7d8f 10 1
7d91 8 1
7d92 7 3
7d93 9 1
7d94 8 3
7d95 10 1
7d96 9 7
7d97 11 1
7d98 9 1
7d99 7 1
7d9a 10 1
7d9b 8 1
7d9c 11 1
7d9d 9 1
7d9e 12 1
7d9f 10 1
7da1 15 4
7da2 10 1
7da3 15 1
7da5 20 11
7da7 20 1
7da8 10 1
7da9 15 1
7daa 10 1
7dab 15 1
7dad 20 1
7daf 20 1
7db1 15 1
7db2 11 1
7db3 14 1
7db4 15 3
7db5 20 1
7db6 16 1
7db7 19 1
7db8 13 1
7db9 14 1
7dba 14 1
7dbb 13 1
7dbc 18 1
7dbd 19 1
7dbe 19 1
7dbf 18 1
7dd1 8 1
7dd2 8 3
7dd3 10 1
7dd5 10 1
7dd7 12 1
7dd8 12 1
7dd9 10 1
7dda 14 1
7ddb 12 1
7ddd 8 1
7ddf 10 1
7df1 15 1
7df2 12 1
7df3 15 1
7df5 20 1
7df7 18 1
7df8 16 1
7df9 17 1
7dfa 18 1
7dfb 17 1
7dfd 18 1
7dff 16 1
7f11 6 1
7f12 9 3
7f13 9 1
7f15 6 1
7f16 9 3
7f17 9 1
7f18 9 3
7f19 9 1
7f1a 12 3
7f1b 12 1
7f1c 9 3
7f1d 9 1
7f1e 12 3
7f1f 12 1
7f21 9 3
7f22 6 1
7f23 9 1
7f25 12 3
7f27 12 1
7f29 9 3
7f2a 6 1
7f2b 9 1
7f2d 12 3
7f2f 12 1
7f31 9 1
7f32 9 1
7f33 6 1
7f34 9 3
7f35 12 1
7f36 12 1
7f37 9 1
7f38 9 3
7f39 12 1
7f3a 12 1
7f3b 9 1
7f3c 12 7
7f3d 15 1
7f3e 15 1
7f3f 12 1
7f51 10 1
7f52 16 3
7f53 16 1
7f55 10 1
7f57 16 1
7f58 16 3
7f59 16 1
7f5a 22 11
7f5b 22 1
7f5d 16 1
7f5f 22 1
7f71 9 1
7f72 12 1
7f73 9 1
7f75 12 1
7f77 6 1
7f78 12 3
7f79 15 1
7f7a 18 1
7f7b 15 1
7f7d 18 1
7f7f 12 1
7f81 6 3
7f83 6 3
7f85 8 3
7f87 8 3
7f88 4 1
7f89 6 1
7f8a 4 1
7f8b 6 1
7f8d 8 1
7f8f 8 1
7f91 8 1
7f92 9 3
7f93 11 1
7f94 8 3
7f95 10 1
7f96 11 7
7f97 13 1
7f98 9 1
7f99 7 1
7f9a 12 1
7f9b 10 1
7f9c 11 1
7f9d 9 1
7f9e 14 1
7f9f 12 1
7fa1 13 3
7fa2 8 1
7fa3 13 1
7fa5 18 11
7fa7 18 1
7fa8 8 1
7fa9 13 1
7faa 8 1
7fab 13 1
7fad 18 1
7faf 18 1
7fb1 11 1
7fb2 9 1
7fb3 8 1
7fb4 11 3
7fb5 16 1
7fb6 14 1
7fb7 13 1
7fb8 9 1
7fb9 10 1
7fba 12 1
7fbb 7 1
7fbc 14 1
7fbd 15 1
7fbe 17 1
7fbf 12 1
7fd1 10 1
7fd2 14 3
7fd3 16 1
7fd5 12 1
7fd7 18 1
7fd8 14 1
7fd9 12 1
7fda 20 1
7fdb 18 1
7fdd 10 1
7fdf 16 1
7ff1 9 1
7ff2 10 1
7ff3 9 1
7ff5 14 1
7ff7 8 1
7ff8 10 1
7ff9 11 1
7ffa 16 1
7ffb 11 1
7ffd 12 1
7fff 6 1
f111 2 1
f112 3 3
f113 3 1
f115 2 1
f116 3 3
f117 3 1
f11a 4 3
f11b 4 1
f11e 4 3
f11f 4 1
f121 7 4
f122 4 3
f123 7 4
f125 8 4
f126 5 4
f127 8 4
f129 7 4
f12a 4 3
f12b 7 4
f12d 8 4
f12e 5 4
f12f 8 4
f131 7 1
f132 5 1
f133 6 1
f135 8 1
f136 6 1
f137 7 1
f138 5 7
f139 8 1
f13a 6 1
f13b 7 1
f13c 6 7
f13d 9 1
f13e 7 1
f13f 8 1
f151 2 1
f153 4 1
f154 2 1
f155 2 1
f156 4 1
f157 4 1
f15a 6 11
f15b 6 1
f15e 6 1
f15f 6 1
f162 5 4
f163 8 6
f164 5 4
f165 8 6
f166 4 3
f167 7 5
f169 8 67
f16a 6 4
f16b 9 6
f16c 6 4
f16d 9 6
f16e 5 4
f16f 8 6
f171 7 1
f172 6 1
f173 7 1
f174 5 1
f175 8 1
f176 5 1
f177 6 1
f178 6 11
f179 9 1
f17a 8 1
f17b 9 1
f17c 7 1
f17d 10 1
f17e 7 1
f17f 8 1
f1a2 6 3
f1a3 12 9
f1a5 14 521
f1a6 8 4
f1a7 14 10
f1aa 6 3
f1ab 12 9
f1ae 8 4
f1af 14 10
f1b1 12 1
f1b2 7 1
f1b3 11 1
f1b5 14 1
f1b6 9 1
f1b7 13 1
f1ba 8 1
f1bb 10 1
f1be 10 1
f1bf 12 1
f1e2 7 4
f1e3 13 10
f1e4 8 4
f1e5 14 10
f1e6 7 4
f1e7 13 10
f1ea 8 4
f1eb 14 10
f1ee 6 3
f1ef 12 9
f1f1 12 1
f1f2 8 1
f1f3 12 1
f1f4 8 1
f1f5 14 1
f1f6 8 1
f1f7 12 1
f1fa 10 1
f1fb 12 1
f1fe 8 1
f1ff 10 1
f311 4 1
f312 7 3
f313 7 1
f315 4 1
f316 7 3
f317 7 1
f318 5 3
f319 5 1
f31a 8 3
f31b 8 1
f31c 5 3
f31d 5 1
f31e 8 3
f31f 8 1
f331 5 1
f333 2 1
f334 3 3
f335 6 1
f336 6 1
f337 3 1
f33c 4 7
f33d 7 1
f33f 4 1
f342 7 4
f343 7 4
f344 4 3
f345 4 3
f346 7 4
f347 7 4
f34a 8 4
f34b 8 4
f34c 5 4
f34d 5 4
f34e 8 4
f34f 8 4
f351 6 1
f352 12 6
f353 12 1
f354 6 1
f355 6 1
f356 12 1
f357 12 1
f358 8 11
f359 8 1
f35a 14 11
f35b 14 1
f35c 8 1
f35d 8 1
f35e 14 1
f35f 14 1
f361 9 7
f362 9 1
f363 12 1
f364 7 1
f365 10 1
f366 8 1
f367 11 1
f369 10 7
f36a 10 1
f36b 13 1
f36c 8 1
f36d 11 1
f36e 9 1
f36f 12 1
f371 7 1
f372 10 1
f373 7 1
f374 5 1
f375 8 1
f376 9 1
f377 6 1
f378 6 3
f379 9 1
f37a 12 1
f37b 9 1
f37c 7 1
f37d 10 1
f37e 11 1
f37f 8 1
f3c1 9 8
f3c3 12 8
f3c4 7 8
f3c5 10 8
f3c6 10 12
f3c7 13 8
f3cc 6 7
f3cd 9 8
f3cf 12 8
f3d1 11 1
f3d2 14 6
f3d3 17 1
f3d4 9 1
f3d5 12 1
f3d6 15 1
f3d7 18 1
f3d8 10 1
f3d9 11 1
f3da 16 1
f3db 17 1
f3dc 9 1
f3dd 10 1
f3de 15 1
f3df 16 1
f3f1 12 1
f3f3 12 1
f3f4 8 1
f3f5 14 1
f3f6 12 1
f3f7 12 1
f3fc 8 1
f3fd 12 1
f3ff 10 1
f511 4 1
f512 5 3
f513 5 1
f515 4 1
f516 5 3
f517 5 1
f51a 6 3
f51b 6 1
f51e 6 3
f51f 6 1
f521 11 4
f522 8 3
f523 11 4
f525 14 4
f527 14 4
f529 11 4
f52a 8 3
f52b 11 4
f52d 14 4
f52f 14 4
f531 11 1
f532 9 1
f533 10 1
f534 11 4
f535 14 1
f536 12 1
f537 13 1
f538 9 7
f539 12 1
f53a 10 1
f53b 11 1
f53c 12 7
f53d 15 1
f53e 13 1
f53f 14 1
f551 4 1
f552 6 3
f553 6 1
f555 4 1
f557 6 1
f55a 8 11
f55b 8 1
f55f 8 1
f571 11 1
f572 10 1
f573 11 1
f575 14 1
f577 12 1
f578 10 3
f579 13 1
f57a 12 1
f57b 13 1
f57d 16 1
f57f 14 1
f5a1 18 22
f5a2 12 11
f5a3 18 22
f5a5 24 12
f5a7 24 12
f5aa 12 11
f5ab 18 22
f5af 24 12
f5b1 18 1
f5b2 13 1
f5b3 17 1
f5b4 18 4
f5b5 24 1
f5b6 19 1
f5b7 23 1
f5ba 14 1
f5bb 16 1
f5be 20 1
f5bf 22 1
f5f1 18 1
f5f2 14 1
f5f3 18 1
f5f5 24 1
f5f7 22 1
f5fa 16 1
f5fb 18 1
f5ff 20 1
f711 4 1
f712 7 3
f713 7 1
f715 4 1
f716 7 3
f717 7 1
f718 5 3
f719 5 1
f71a 8 3
f71b 8 1
f71c 5 3
f71d 5 1
f71e 8 3
f71f 8 1
f721 9 3
f722 6 1
f723 9 1
f725 12 3
f727 12 1
f729 9 3
f72a 6 1
f72b 9 1
f72d 12 3
f72f 12 1
f731 7 1
f732 7 1
f733 4 1
f734 7 3
f735 10 1
f736 10 1
f737 7 1
f738 5 3
f739 8 1
f73a 8 1
f73b 5 1
f73c 8 7
f73d 11 1
f73e 11 1
f73f 8 1
f751 6 1
f752 12 3
f753 12 1
f755 6 1
f757 12 1
f758 8 3
f759 8 1
f75a 14 11
f75b 14 1
f75d 8 1
f75f 14 1
f771 5 1
f772 8 1
f773 5 1
f775 8 1
f777 2 1
f778 4 3
f779 7 1
f77a 10 1
f77b 7 1
f77d 10 1
f77f 4 1
f781 9 4
f783 9 4
f785 12 4
f787 12 4
f788 6 3
f789 9 4
f78a 6 3
f78b 9 4
f78d 12 4
f78f 12 4
f791 11 1
f792 11 7
f793 14 1
f794 11 4
f795 14 1
f796 14 7
f797 17 1
f798 9 1
f799 10 1
f79a 12 1
f79b 13 1
f79c 12 1
f79d 13 1
f79e 15 1
f79f 16 1
f7a1 16 6
f7a2 10 1
f7a3 16 1
f7a5 22 11
f7a7 22 1
f7a8 10 1
f7a9 16 1
f7aa 10 1
f7ab 16 1
f7ad 22 1
f7af 22 1
f7b1 14 1
f7b2 11 1
f7b3 11 1
f7b4 14 5
f7b5 20 1
f7b6 17 1
f7b7 17 1
f7b8 9 1
f7b9 13 1
f7ba 12 1
f7bb 10 1
f7bc 15 1
f7bd 19 1
f7be 18 1
f7bf 16 1
f7d1 13 1
f7d2 16 3
f7d3 19 1
f7d5 16 1
f7d7 22 1
f7d8 12 1
f7d9 13 1
f7da 18 1
f7db 19 1
f7dd 14 1
f7df 20 1
f7f1 12 1
f7f2 12 1
f7f3 12 1
f7f5 18 1
f7f7 12 1
f7f8 8 1
f7f9 12 1
f7fa 14 1
f7fb 12 1
f7fd 16 1
f7ff 10 1
ff11 4 1
ff12 7 3
ff13 7 1
ff15 4 1
ff16 7 3
ff17 7 1
ff1a 10 3
ff1b 10 1
ff1e 10 3
ff1f 10 1
ff31 7 1
ff33 4 1
ff34 7 3
ff35 10 1
ff36 10 1
ff37 7 1
ff3c 10 7
ff3d 13 1
ff3f 10 1
ff51 8 1
ff52 14 3
ff53 14 1
ff55 8 1
ff57 14 1
ff5a 20 11
ff5b 20 1
ff5f 20 1
ff71 7 1
ff72 10 1
ff73 7 1
ff75 10 1
ff77 4 1
ff78 10 3
ff79 13 1
ff7a 16 1
ff7b 13 1
ff7d 16 1
ff7f 10 1
fff1 6 1
fff3 6 1
fff5 12 1
fff7 6 1
ffff 0 1
