C:\Program Files\nodejs\node.exe --max-old-space-size=4096 .\main.js
Shape Processing Unit 0.2.0
Thu Jul 08 2021 03:41:11 GMT-0700 (Pacific Daylight Time)

Searching for shapes...
Max program length: 16
Input data: [0001,0001,0001,0001,0001]

   1000000 IRI1SLIUISRXIL [0009,0008]
   2000000 IRI1SIIU2L2L22 [0008,0004,0009]
   3000000 IRI1XIISIU2S1R [0005,0022]
   4000000 IRI1R1IUI3LX2U [0004,0001,0004]
   5000000 IRI1RXIIL12XRX [0008]
   6000000 IRI1RISLC2I22X [0008,0001,0002]
   7000000 IRI1RIUIU33R2R [0004,0001,0008,0008]
   8000000 IRI1RIIRI33U23 [0001,0004,0004,0001,0002]
   9000000 IRI1U1I2LXIXSI [0011,0001]
  10000000 IRI1USIIL12U1S [0008,0007]
  11000000 IRI1UI1ISUIXLS [0001,0031]
  12000000 IRI1UIU2UIX21U [0004,0008,0001]
  13000000 IRI1UIISSSCRIS [0008,0223]
  14000000 IRI1LXIRIRIUS2 [0002,0006,0001]
  15000000 IRI1LIUXSILSIR [0019,0002]
  16000000 IRI1LIIL1I3U2L [0001,0008,0001,0004,0008]
  17000000 IRI1I2R1IXIX22 [0001,0002,0002]
  18000000 IRI1I2LI3SRXX [0001]
  19000000 IRI1I1SU1IXU1R [0004,0009]
  20000000 IRI1I1UIR1L1RI [0001,0001,0004,0004,0001]
  21000000 IRI1I1IL2I3R11 [0001,0008,0001,0001,0004]
  22000000 IRI1ISLIXSCIL [0008,0011,0008]
  23000000 IRI1IXISLSUIU [0064,0004]
  24000000 IRI1IRXRI1RXRS [0003]
  25000000 IRI1IRILISUSSS [0623]
  26000000 IRI1IU1UIS2XLS [00c4]
  27000000 IRI1IUI2U13UIC [0004,0008,0001,0004,0001]
  28000000 IRI1IL21IIU3U1 [0002,0008,0001,0004,0004]
  29000000 IRI1ILS1IRS1SR [0056]
  30000000 IRI1ILIX12I3XR [0002,0001,0002]
  31000000 IRI1II3UI3R21 [0002,0001,0001,0004,0002]
  32000000 IRI1II2I1XRSXR [0001,0002]
  33000000 IRI1IIR2UI4SL1 [0001,0002,0088,0008]
  34000000 IRI1IIUSC2SUIC [0001,0004,000c,0001]
  35000000 IRI1IILIXLSLSL [0001,0051]
  36000000 IRISRCRIIRI3LS [0004,0001,0002,0003]
  37000000 IRISRI1UC22XU1 [0004,0001]
  38000000 IRISRII2U1SIU1 [0001,0004,0019]
  39000000 IRISUILI2XSRI1 [0001,0003]
  40000000 IRISLCLILISXUI [0008,0002,0001]
  41000000 IRISLIR1C2X1LC [0001,0004]
  42000000 IRISI1R1ILIU1 [0006,0001,0004,0008]
  43000000 IRISISRIU1IS1S [0067]
  44000000 IRISIRILISU2X1 [0006,0002]
  45000000 IRISIL1IUXRC21 [0004,0008,0002]
  46000000 IRISIISRSI1RC [0001,0444,0002]
  47000000 IRISIIIXRSLCUS [0003,000c]
  48000000 IRIXUI1IXRXLI1 [0001,0008]
  49000000 IRIXLILISRI2XR [0003,0002]
  50000000 IRIXISI1USIU1X [0004]
  51000000 IRIXIUIL2L22R2 [0004,0001,0001]
  52000000 IRIXIISIR1L12 [0088,0002,0002]
  53000000 IRIRSRILXIUISX [0044]
  54000000 IRIRSILIUIU32U [0008,0004,0022,0001]
  55000000 IRIRXIRILSCR1R [0002,0004,0001]
  56000000 IRIRI2SSUIISXL [0064]
  57000000 IRIRI2U1IIS12C [0002,0011,0001,0008]
  58000000 IRIRI2ISRSILXR [0002,000e]
  59000000 IRIRI12IU3UXI3 [0002,0004,0001,0002]
  60000000 IRIRI1U2IXI3SL [0008,0002,0088]
  61000000 IRIRI1I1U33UXC [0001,0008,0002]
  62000000 IRIRISRSCLILI3 [0011,0008,0001,0004]
  63000000 IRIRIXSUI1RIS [0001,0111]
  64000000 IRIRIRXIUIX1SC [0002,0004,0002]
  65000000 IRIRIRIIUXL2U [0002,0002,0008,0008]
  66000000 IRIRIU1I1LS2L1 [0004,0001,0011]
  67000000 IRIRIUI1R12SUS [0002,00c8]
  68000000 IRIRIL2UIUXUSR [0002,0005]
  69000000 IRIRILSCU2UXL [0008,0004]
  70000000 IRIRILIRXXUISX [0002]
  71000000 IRIRII3RIRXSSS [0053]
  72000000 IRIRII2U1XXS [0003]
  73000000 IRIRIIR3SIL11 [0002,0001,0022,0008]
  74000000 IRIRIIU1S2LXSL [000b]
  75000000 IRIRIILSCIXL2L [0002,0008,0008,0001]
  76000000 IRIU1SUIXISUIR [0046,0002]
  77000000 IRIU1RIUXR1RSU [0022]
  78000000 IRIU1UILSL1XR [0088]
  79000000 IRIU1I22S1USLC [0023]
  80000000 IRIU1I1I2IXUC [0004,0002,0001,0004]
  81000000 IRIU1IU1RILSIS [0004,0004,000d]
  82000000 IRIU1II21R2LXR [0004,0002,0004]
  83000000 IRIUSUCXIRSIUX [000a]
  84000000 IRIUSCLI2IIRX1 [0001,0001,0001,0004]
  85000000 IRIUSI1IIXLXL1 [0003,0001]
  86000000 IRIUSIIUIL31UX [0001,0004,0006]
  87000000 IRIUXILI2X1ISU [0001,0006]
  88000000 IRIUI21L21L2XR [0004,0008]
  89000000 IRIUI2RIUIXS2 [0001,0044,0004]
  90000000 IRIUI2I2X1L2R1 [0001,0008,0001]
  91000000 IRIUI12RIRIUSL [0001,0004,0004,0003]
  92000000 IRIUI1RXI2LXRI [0001,0002,0001]
  93000000 IRIUI1I3L23IR2 [0001,0001,0001,0002,0004]
  94000000 IRIUIS1R1IXC2S [0004,0005]
  95000000 IRIUISISLCI31S [0088,0002,0003]
  96000000 IRIUIXIR2L22IR [0001,0004,0002,0002]
  97000000 IRIUIR1I2U3U3I [0001,0008,0008,0004,0001]
  98000000 IRIUIRI1USSCUS [0002,004c]
  99000000 IRIUIU2U1ISL2R [0008,000a,0008]
 100000000 IRIUIUI13IXL3C [0001,0004,0001,0004]
 101000000 IRIUIL2R1IXXIC [0004,0004,0001]
 102000000 IRIUILSRIXCL2L [0008,0008,0001]
 103000000 IRIUILIR23I1U3 [0008,0004,0001,0008,0002]
 104000000 IRIUII3R13R13 [0004,0008,0001,0001]
 105000000 IRIUII2RXSLI1U [0002,0001,0022]
 106000000 IRIUIIXL12RSIL [0008,0044,0008]
 107000000 IRIUIIU3LXL1L2 [0002,0008,0004]
 108000000 IRIUIIL1SRIU22 [0002,0004,0004,0003]
 109000000 IRIUIIIUSRSCLX [0002,0004,0008]
 110000000 IRIL1RSLCI2LC [0002,0001,0002]
 111000000 IRIL1UI1II2XU1 [0008,0001,0004,0001]
 112000000 IRIL1LIUI3IR13 [0001,0001,0002,0008,0004]
 113000000 IRIL1I1R1S1II [0005,0008,0001,0001]
 114000000 IRIL1IRI1R1LX2 [0002,0004,0008]
 115000000 IRIL1ILILISR3L [0002,0008,0003,0004]
 116000000 IRILSRC1RIXILX [0001,0008]
 117000000 IRILSCRI2IX1LS [0004,0088]
 118000000 IRILSI1SIL1IUS [0008,000f]
 119000000 IRILSII21I21XS [0001,000b]
 120000000 IRILXIRSILIXX [0022]
 121000000 IRILI22IL2I23U [0001,0002,0001,0008,0002]
 122000000 IRILI2R1XIRXSI [000c,0001]
 123000000 IRILI2LIL1R1C [0008,0001,0002,0008]
 124000000 IRILI2II4US33R [0001,0003,0001,0004]
 125000000 IRILI1R21X1IIX [0002,0001,0001]
 126000000 IRILI1LI1R2SRS [0002,0031]
 127000000 IRILI1IL21IXS1 [0002,0009,0008]
 128000000 IRILISLI2X1ISX [0001]
 129000000 IRILIXUIILSUS1 [0062,0002]
 130000000 IRILIR1SRSCIU [0004,0003,0004]
 131000000 IRILIRI3ISUSS1 [000f,0008]
 132000000 IRILIU22R22L12 [0001,0004,0001]
 133000000 IRILIU1I2RSS1I [0098,0002,0001]
 134000000 IRILIUI1L2SCIC [0002,0001,0008,0002,0001]
 135000000 IRILIL2RIIU24U [0008,0001,0004,0004,0002]
 136000000 IRILILI13IUS31 [0001,0008,0008,0006]
 137000000 IRILII31R31UXS [0001,000a]
 138000000 IRILII21I3R2C [0002,0008,0001,0002,0001]
 139000000 IRILIISIXLSLXC [0002]
 140000000 IRILIIRI33R23L [0002,0008,0002,0001,0001]
 141000000 IRILIIL31LSC3X [0001,0004,0002]
 142000000 IRILIIISRXU22S [0004,000a]
 143000000 IRII22RI1X2SRC [0002,0022]
 144000000 IRII22LILX1IR2 [0001,0002,0002,0008]
 145000000 IRII21SRIL1I32 [0008,0001,0001,0006]
 146000000 IRII21UIXRXUXL [0008]
 147000000 IRII21IRS22LXC [0003,0001]
 148000000 IRII2SUIRS1RIR [000e,0002,0002]
 149000000 IRII2XLILI3SU2 [0008,0044,0008]
 150000000 IRII2R1LXR1I2S [0001,0009]
 151000000 IRII2RISSC2XR1 [0022,0004]
 152000000 IRII2U2IX2SLS [0888]
 153000000 IRII2UXIUI1S2C [0001,0005,0001]
 154000000 IRII2UIIL23L1 [0001,0001,0008,0008,0008]
 155000000 IRII2I32ISXU1R [0001,0004,0002]
 156000000 IRII2I2R2U2L3L [0002,0008,0008,0008]
 157000000 IRII2IS2R1LCI4 [0002,0008,0001,0001,0001]
 158000000 IRII2IR2IL41L3 [0002,0001,0001,0004,0002]
 159000000 IRII2IUIS2RS2L [0002,0007,0008]
 160000000 IRII2II3X3XUXL [0002,0008]
 161000000 IRIIS1LI2LSXLC [0008]
 162000000 IRIISRI1SRCX1R [0044,0004]
 163000000 IRIISL1LI22SSU [0264]
 164000000 IRIISI1R1UXI2X [0022,0001]
 165000000 IRIISILI2LXSRS [0032]
 166000000 IRIIXSRIUXIXL [0003]
 167000000 IRIIXUIXRSIRXR [0005]
 168000000 IRIIXI2IS22R2R [0001,0002,0006]
 169000000 IRIIR22SRI2U2S [0001,000e]
 170000000 IRIIR2RXLISL1U [0088,0004]
 171000000 IRIIR2I3R3R1LI [0002,0001,0004,0001,0001]
 172000000 IRIIR1S1I22RIS [0001,0003,0005]
 173000000 IRIIR1UIUIXUS1 [0002,0005,0002]
 174000000 IRIIR1IR1LIS2S [0002,0002,000b]
 175000000 IRIIRSUI2U22L2 [000c,0008,0008]
 176000000 IRIIRXRIIX1LSC [0002,0011]
 177000000 IRIIRI3U32I31R [0002,0001,0001,0008,0002]
 178000000 IRIIRI2L12U1I [0002,0008,0008,0001,0001]
 179000000 IRIIRIS1XLSCIL [0008,0003,0008]
 180000000 IRIIRIRSU1XIRX [0002,0088]
 181000000 IRIIRIUIX1X1U1 [0002,0004,0004]
 182000000 IRIIRII34U4L [0001,0001,0001,0008,0001]
 183000000 IRIIU22IS2IU32 [0011,0004,0002,0004]
 184000000 IRIIU2R2USIUI1 [0004,0044,0001,0004]
 185000000 IRIIU2LIX1LXSR [0022]
 186000000 IRIIU2IL1LXRSU [0001,0005]
 187000000 IRIIU1XLIU2L2U [0004,0001,0008]
 188000000 IRIIU1L1LI23SX [0002,0001]
 189000000 IRIIU1IUI1S1XU [0002,0004,0005]
 190000000 IRIIUSLCI3ISX2 [0002,0001,0008]
 191000000 IRIIUSIL12SI22 [0001,0008,0007]
 192000000 IRIIUI33IU3LS2 [0004,0001,000c,0002]
 193000000 IRIIUI22R33XXI [0001,0008,0001]
 194000000 IRIIUI1R23I3R3 [0001,0002,0001,0001,0001]
 195000000 IRIIUIX1L1XLIX [0002,0004]
 196000000 IRIIUIRIUSSS1C [0065,0002]
 197000000 IRIIUIL12LXLIL [0002,0008,0002,0008]
 198000000 IRIIUIIRSXRS1 [0009,0002]
 199000000 IRIIL21I1RIS1C [0001,0002,0011,0001]
 200000000 IRIIL2U2R1L1L2 [0004,0001,0008]
 201000000 IRIIL2I12L1XLX [0001,0001]
 202000000 IRIIL12L21RILX [0001,0008,0002]
 203000000 IRIIL1RIR3S1R [0008,0022,0004]
 204000000 IRIIL1I3UXXU [0008,0004]
 205000000 IRIILS1I12U1IR [0001,0006,0002,0002]
 206000000 IRIILSCL2XUIIC [0008,0002,0001,0001]
 207000000 IRIILXRIIR3X2R [0001,0002,0004]
 208000000 IRIILI3R3RXIU [0008,0001,0004,0004]
 209000000 IRIILI2U2RSILX [0002,0001,0005]
 210000000 IRIILI1IR3SRX [0002,0001,0008]
 211000000 IRIILIR3I33U2C [0001,0002,0008,0008,0001]
 212000000 IRIILIU12SI1CR [0002,0004,0001,0008,0002]
 213000000 IRIILILIX31R1L [0001,0008,0001,0001]
 214000000 IRIII33R33SSSR [0264]
 215000000 IRIII32I4XRXXC [0001,0002]
 216000000 IRIII3SU12L1IU [000c,0008,0001,0004]
 217000000 IRIII3RIXSRCRS [0001,0001,000c]
 218000000 IRIII3I4R3LS1R [0001,0002,000a,0002]
 219000000 IRIIIS2L22R1RC [0001,0022,0002]
 220000000 IRIIISL21RI1SX [0001,0002]
 221000000 IRIIIXR1RIS1XX [0002]
 222000000 IRIIIR3S1IL1SX [0001,0022]
 223000000 IRIIIR2R3I12SU [0001,0002,0001,0088]
 224000000 IRIIIR1U1XR2XU [0001,0002]
 225000000 IRIIIRXLS1RISS [0059]
 226000000 IRIIIU33U1S22X [0006,0001]
 227000000 IRIIIU23I33XSX [0001,0002]
 228000000 IRIIIU12IRXR31 [0004,0001,0002,0002]
 229000000 IRIIIUSLSCI3X1 [0008,0001,0003]
 230000000 IRIIIUIS12U3SU [0005,0001,0009]
 231000000 IRIIIL3RI1L4U2 [0001,0008,0002,0004,0001]
 232000000 IRIIIL2UI22S22 [0002,000c,0001,0001]
 233000000 IRIIIL1LIL3XUX [0002,0008,0008]
 234000000 IRIIILXISL12LS [0088,0011]
 235000000 IRIIII43SU1UXX [0001,0001]
 236000000 IRIIIIXL32U3L [0008,0002,0004,0008]
 237000000 IRIIIIU13U4U4C [0004,0001,0004,0008,0001]
 238000000 IUI1SRCISI1USL [0008,000e]
 239000000 IUI1SI1I1SRCS1 [002a,0001]
 240000000 IUI1SIIU1UI3RS [0004,0004,000b]
 241000000 IUI1XIISI2XL1L [0008,0088]
 242000000 IUI1R1IUXLISUX [0008]
 243000000 IUI1RXIILIL2L1 [0001,0008,0008,0008]
 244000000 IUI1RISUII2XR2 [0001,0002,0001]
 245000000 IUI1RIUI3ISXSC [0008,0004,0001]
 246000000 IUI1RIIRI3L22C [0001,0001,0004,0002,0001]
 247000000 IUI1UISIX1IL2U [0001,0008,0044]
 248000000 IUI1UIL2RI2R3X [0002,0001,0001]
 249000000 IUI1L1XIU1I1I3 [0001,0002,0001,0004]
 250000000 IUI1LSRI1LSI1C [0001,0031]
 251000000 IUI1LI2IUSIR11 [0002,0001,0005,0002]
 252000000 IUI1LIRI3U2I2 [0002,0001,0002,0001,0004]
 253000000 IUI1LILIR1X2RI [0002,0002,0002,0001]
 254000000 IUI1I22XSI1U [0001,0044]
 255000000 IUI1I2RI2RXR2I [0002,0002,0004,0001]
 256000000 IUI1I2I33X1L2L [0004,0008,0008]
 257000000 IUI1I1XRIUISLX [0001,0002]
 258000000 IUI1I1LIL3SL2L [0002,000c,0008]
 259000000 IUI1I1IIU3R1 [0001,0004,0001,0002,0004]
 260000000 IUI1ISISSCLSI1 [0001,088c]
 261000000 IUI1IXIUI33XU [0004,0001,0004]
 262000000 IUI1IR1L2I22L [0002,0001,0002,0008]
 263000000 IUI1IRI1XLXR1C [0008,0001]
 264000000 IUI1IU2RSIXIXS [0064]
 265000000 IUI1IUI1R3SU1X [0004,0006]
 266000000 IUI1IL2U2IU3X2 [0004,0004,0004]
 267000000 IUI1ILSIU1R2RS [0004,000b]
 268000000 IUI1ILIU1IL3SX [0001,0004,0008]
 269000000 IUI1II23XSSCRS [0026]
 270000000 IUI1IISXLIS1S [0013]
 271000000 IUI1IIRS12XSUI [000d,0001]
 272000000 IUI1IIL33S1IS [0001,0005,0009]
 273000000 IUI1IIIS3L3SX [0001,0011]
 274000000 IUISRCLI2RIXIR [0001,0001,0001,0002]
 275000000 IUISRI1IIX2R1R [000a,0002,0002]
 276000000 IUISRIIL12L12X [0005,0001]
 277000000 IUISLCIXIUI31X [0002,0004,0008]
 278000000 IUISLIRIU1XSIU [000e,0004]
 279000000 IUISI1RCUI23SS [0008,0091]
 280000000 IUISI1I1LISCL3 [0001,0008,0009,0001]
 281000000 IUISIXC1IUS1LS [004c]
 282000000 IUISIRIRI2U1RS [0005,0002,000a]
 283000000 IUISIUIL12CXU [0008,0004,0001]
 284000000 IUISILII2LXU2U [0001,0004,0005]
 285000000 IUISIIR1LXXILX [0005]
 286000000 IUISIIIL3SCXSR [0001,000b]
 287000000 IUIXUIUSISRIRX [002a]
 288000000 IUIXLIIRIR23L1 [0002,0002,0001,0001]
 289000000 IUIXISIIUS [0005,0005]
 290000000 IUIXIL1SLCI1LS [0004,0011]
 291000000 IUIXIIR12R1XUS [0022]
 292000000 IUIR1SIXCRIS11 [0004,0005]
 293000000 IUIR1RIXSRIRSC [0004,0003]
 294000000 IUIR1UIL2LI2I [0001,0001,0001,0008,0001]
 295000000 IUIR1I21L1RS11 [0004,000c]
 296000000 IUIR1I1IIU13L [0002,0004,0004,0001,0008]
 297000000 IUIR1IUXR1RIIC [0008,0004,0001,0001]
 298000000 IUIR1IISS1I2XS [0003]
 299000000 IUIRSUCII3RIX [0001,0001,0001,0001]
 300000000 IUIRSIR1I1I13L [0001,0001,0006,0001]
 301000000 IUIRXRIISI21SC [0011,0008,0001]
 302000000 IUIRXIIL2RI3LX [0008,0008,0001]
 303000000 IUIRI2S1I2CUIL [0002,0001,0004,0004,0008]
 304000000 IUIRI2U2IL2I2 [0001,0002,0001,0001,0008]
 305000000 IUIRI2I1LI4L32 [0001,0002,0001,0001,0001]
 306000000 IUIRI12I2SUXRC [0001,0008]
 307000000 IUIRI1U2RI2U1L [0001,0008,0002,0008]
 308000000 IUIRI1I2ILS3XL [0002,0001,000c]
 309000000 IUIRISSI1L1RX [000b]
 310000000 IUIRISILXXRIL1 [0008,0008]
 311000000 IUIRIR21XLI1XX [0002]
 312000000 IUIRIRI3L3LXIU [0002,0001,0002,0004]
 313000000 IUIRIU22L1USSI [0015,0001]
 314000000 IUIRIUSR1IL2UX [0004,0008]
 315000000 IUIRIUIX1IR2R1 [0004,0002,0008,0002]
 316000000 IUIRIL2I3L2L1C [0008,0001,0002,0001]
 317000000 IUIRILSIRI3U2R [000a,0001,0001,0004]
 318000000 IUIRILIU3L1RX [0002,0008,0002]
 319000000 IUIRII3U3I2L3C [0001,0002,0001,0008,0001]
 320000000 IUIRII2USI3L13 [0009,0002,0001,0001]
 321000000 IUIRIIR32R3I1L [0002,0004,0002,0001,0001]
 322000000 IUIRIIU2L1R13L [0001,0008,0001,0002]
 323000000 IUIRIILS21XIR [0002,0004,0002]
 324000000 IUIRIIILS21SCR [0004,0001,0008,0006]
 325000000 IUIUSIUIXUISUS [4444]
 326000000 IUIUXI1ILILX1S [0001,000c]
 327000000 IUIUI22ISR21RX [0004,0001]
 328000000 IUIUI2U2UXU1U1 [0004,0004]
 329000000 IUIUI2I1XL1IX [0004,0008,0001]
 330000000 IUIUI12I33XL1 [0004,0008,0001]
 331000000 IUIUI1RILI3U2U [0004,0008,0001,0004,0002]
 332000000 IUIUI1I2L2XS1I [0009,0004,0001]
 333000000 IUIUIS1IIR31SC [0004,0001,0004,0003]
 334000000 IUIUISIUI2R12 [0004,000a,0001,0004]
 335000000 IUIUIR2R1I3I41 [0002,0001,0004,0008,0001]
 336000000 IUIUIRSU1L1R1L [0003,0001]
 337000000 IUIUIRIRX1XUI [0004,0008,0001]
 338000000 IUIUIUI2UXX [0004,0004]
 339000000 IUIUIL2UI3XR2L [0001,0002,0004]
 340000000 IUIUILSI1R2ISU [0001,0009,0005]
 341000000 IUIUILIU2RI1U1 [0004,0008,0004,0002,0001]
 342000000 IUIUII3L33L2X1 [0001,0008,0004]
 343000000 IUIUII2L12IS1 [0004,0002,0011,0001]
 344000000 IUIUIIR3U2U3RC [0002,0001,0004,0008]
 345000000 IUIUIIU1RIRSXR [0004,0004,0008]
 346000000 IUIUIILXIRSLS [0004,000d]
 347000000 IUIL1SLIXI1UI1 [0001,0001,0009]
 348000000 IUIL1RILIUXIUS [0008,0008,000c]
 349000000 IUIL1L1RIRXRI [0002,0002,0001]
 350000000 IUIL1I21RS1LSC [0008,0022]
 351000000 IUIL1I1IL1RXU [0008,0001,0002]
 352000000 IUIL1IU2IL3U2X [0004,0008,0001]
 353000000 IUIL1IIS2RIXS [0004,0111]
 354000000 IUILSRILI2LIRS [0008,0001,000e]
 355000000 IUILSIXLIXLIL [0003,0008]
 356000000 IUILXUIIL2S1X [0009]
 357000000 IUILI22XUIRXSU [0044]
 358000000 IUILI2SCXI12U2 [0004,0002,0001]
 359000000 IUILI2UIIXLXLC [0008,0001,0008]
 360000000 IUILI2IXR2RSXL [0008]
 361000000 IUILI1S1RIX1LI [0008,000c,0001]
 362000000 IUILI1UI1RSLXI [0004,0001,0001]
 363000000 IUILI1ISR1SRCR [0004,0004,0044]
 364000000 IUILISRSI1IS1S [0117]
 365000000 IUILIX1RISIU11 [0008,0009,0004]
 366000000 IUILIR2SI1R2U [0001,000c,0002]
 367000000 IUILIRS1LI2R11 [0002,0001,0005]
 368000000 IUILIRIXR2XRIX [0008,0008]
 369000000 IUILIU2IXI33SU [0004,0001,0003]
 370000000 IUILIUI3RXX1I2 [0008,0001,0004]
 371000000 IUILIUIIU2S3S2 [0001,0444,0008]
 372000000 IUILILI32R2I3 [0008,0001,0001,0001,0004]
 373000000 IUILILIIXU2U3L [0008,0004,0002,0002]
 374000000 IUILII3IL2L24S [0001,0008,0008,000c]
 375000000 IUILIIS2RX1XIU [0011,0004]
 376000000 IUILIIR2I2RS [0004,0001,0008,0005]
 377000000 IUILIIUSLSI2 [00a8,0001,0004]
 378000000 IUILIILIRSL12C [0004,0005,0001,0008]
 379000000 IUII22XSII2CXR [0001,0001,0008]
 380000000 IUII22L12LIUS [0008,0004,000c]
 381000000 IUII22IL3L3LIX [0001,0008,0008,0002]
 382000000 IUII21RIU31S22 [0005,0004,0002]
 383000000 IUII21I21IXXC [0001,0001,0004]
 384000000 IUII2SSI1C1IR2 [0001,0004,0002,0011]
 385000000 IUII2SI1XIR2XC [0001,0002]
 386000000 IUII2R22IR2IUX [0008,0001,0002,0001]
 387000000 IUII2RSRSIIL22 [0008,0031,0001]
 388000000 IUII2RIU32SU1R [0001,0006,0008]
 389000000 IUII2UIL3LXSC [0001,0008,0001]
 390000000 IUII2L1LIXISR [0001,0002,0003]
 391000000 IUII2LIXI1SSLX [0001]
 392000000 IUII2I3U13I4XU [0004,0001,0001,0004]
 393000000 IUII2I2LI2R1SS [0001,0004,000b]
 394000000 IUII2ISLIL21RS [0001,000a,0011]
 395000000 IUII2IRI43R3S1 [0001,0001,000a,0001]
 396000000 IUII2IL2R1U3SU [0004,0002,000c]
 397000000 IUII2IIR2XS2XL [0001,0009]
 398000000 IUIIS1ILISLSLS [0073]
 399000000 IUIISRILSCI1RS [0004,0008,0045]
 400000000 IUIISLI1I3LX21 [0088,0001,0001]
 401000000 IUIISIXI12RXXL [0008]
 402000000 IUIISIILSCR3LX [0011,0008,0002]
 403000000 IUIIXR1U1SLCLX [0008]
 404000000 IUIIXL1IIU1X2R [0004,0004,0001]
 405000000 IUIIXIRIU33LS2 [0004,000c,0002]
 406000000 IUIIR22IR2LXR1 [0002,0004,0001]
 407000000 IUIIR2R22LXU1C [0004,0008]
 408000000 IUIIR2LI23L3LC [0001,0002,0008,0001]
 409000000 IUIIR2IL3US2SX [0004]
 410000000 IUIIR1XRI2SI2U [0005,0001,0001]
 411000000 IUIIR1L2II2L14 [0008,0001,0002,0001,0002]
 412000000 IUIIR1IU2LI34R [0004,0001,0001,0001,0008]
 413000000 IUIIRSL1LIIS2 [0002,0011,0009]
 414000000 IUIIRXUIRISUSU [0004,0031]
 415000000 IUIIRI3RXL2XIU [0002,0008,0004]
 416000000 IUIIRI2L31RX1L [0002,0004,0008]
 417000000 IUIIRIS2R2RSI [0003,000a,0001]
 418000000 IUIIRIR2XR1S1S [0046]
 419000000 IUIIRIUXUIU21X [0004,0008,0001]
 420000000 IUIIRII44S2XLS [0002,000b]
 421000000 IUIIU22L2I1XRI [0004,0008,0002,0001]
 422000000 IUIIU2RIIR2R3U [0001,0001,0002,0001,0001]
 423000000 IUIIU2I2I4X3R1 [0001,0004,0008,0001]
 424000000 IUIIU1SILISUCL [0004,0005,0004,0001]
 425000000 IUIIU1LS1IX1X [0004]
 426000000 IUIIU1IL13I43R [0008,0004,0001,0004,0002]
 427000000 IUIIUSLIR1LIX [0004,0002,0005]
 428000000 IUIIUX1IR2USCS [0004,0006]
 429000000 IUIIUI3XSXIR1R [0002,0002]
 430000000 IUIIUI2RIU3RXL [0004,0001,0002,0002]
 431000000 IUIIUI1IS31CU2 [0001,0001,0004,0004,0004]
 432000000 IUIIUIR3LIU1RC [0001,0004,0002,0004,0004]
 433000000 IUIIUIUX22XUIC [0004,0001,0001]
 434000000 IUIIUILILSR1C [0004,0001,0011,0004]
 435000000 IUIIL22UIRXSLC [0008,0022]
 436000000 IUIIL2XLI1ISXS [0011]
 437000000 IUIIL2LSIILX1L [0001,0001,0005]
 438000000 IUIIL2IU2LSL1U [0001,0022,0001]
 439000000 IUIIL1SIUSUIS [0004,0017]
 440000000 IUIIL1UIR2U1 [0004,0004,0002,0002]
 441000000 IUIIL1IRISLSC2 [0004,0008,0011,0008]
 442000000 IUIILSUCIU2LXR [0004,0002,0008]
 443000000 IUIILSIR1R1LXX [0004]
 444000000 IUIILXIIL2XSLC [0004,000c]
 445000000 IUIILI23SSR1IU [00a2,0008,0004]
 446000000 IUIILI1SR2SXRC [0002]
 447000000 IUIILISI1CL21R [0004,0001,0008,0001,0001]
 448000000 IUIILIRXU2LI2U [0001,0002,0001,0008]
 449000000 IUIILIL31XIX2L [0008,0004,0008]
 450000000 IUIILIIX23SRSU [0008,000e]
 451000000 IUIII33IL1XS11 [0001,0001,000c]
 452000000 IUIII31UIL1XSX [0001,0001]
 453000000 IUIII3R33SI3 [0008,0011,0001,0001]
 454000000 IUIII3L3I3RX2U [0001,0001,0001,0008]
 455000000 IUIII3ISSCU13X [0001,0044,0004]
 456000000 IUIIIS1IR2LSLS [0004,0451]
 457000000 IUIIISI1USSLXU [0001]
 458000000 IUIIIXL21XSC [0004,0001]
 459000000 IUIIIR3RX1IL2L [0001,0001,0008,0001]
 460000000 IUIIIR2UIX3R2C [0001,0004,0008,0002]
 461000000 IUIIIR1LXLSRX [0004]
 462000000 IUIIIRI4U21S1U [0001,0001,0003,0004]
 463000000 IUIIIU3S2IU2RC [0001,0001,0004,0088]
 464000000 IUIIIU2R3SCXIC [0001,0004,0004,0001]
 465000000 IUIIIU1U22R2XS [0004,0009]
 466000000 IUIIIUXSRI1USX [0004]
 467000000 IUIIIUIL3R4LXU [0001,0004,0008,0008]
 468000000 IUIIIL3IR1L4S3 [0008,0002,0003,0001]
 469000000 IUIIIL13LXRI3R [0008,0002,0001,0002]
 470000000 IUIIILSSIUSCX [0004,0084]
 471000000 IUIIILI2R42U42 [0008,0002,0004,0001,0004]
 472000000 IUIIII4R43LXUS [0001,0001,000c]
 473000000 IUIIIIR22R24SX [0001,0001,0002]
 474000000 IUIIIIL4R4XXS1 [0009,0001]
 475000000 ILI1SUI1IR1CI1 [0001,0002,0004,0001,0002]
 476000000 ILI1SIRIRXUISU [0009,0006]
 477000000 ILI1XUIUSRIR1U [0002,0022]
 478000000 ILI1RSIL1I2XL1 [0008,0011]
 479000000 ILI1RIU2XL1L1U [0008,0008]
 480000000 ILI1RIIRI3U24X [0001,0001,0004,0002]
 481000000 ILI1U1ISIR2SIC [0011,0022,0001]
 482000000 ILI1UI22I2U31X [0002,0001,0001]
 483000000 ILI1UISI1LSUIC [0001,0064,0001]
 484000000 ILI1UIUIIU2R1C [0001,0002,0001,0008,0004]
 485000000 ILI1UIIU23I4L3 [0004,0001,0001,0008,0002]
 486000000 ILI1L1ISR1RSCS [002a]
 487000000 ILI1LXRIIL2LXL [0001,0004]
 488000000 ILI1LI1IUXSSUI [0054,0001]
 489000000 ILI1LIUSUSIIR2 [0001,0002,0111]
 490000000 ILI1LIIX22L2LC [0001,0002,0008]
 491000000 ILI1I2SRSIXI [002a,0001]
 492000000 ILI1I2UXIRI31X [0001,0002,0008]
 493000000 ILI1I2IU3XS1I [0005,0001,0001]
 494000000 ILI1I1US1UIRI1 [0003,0004,0001,0002]
 495000000 ILI1I1IS2SSI1S [1911]
 496000000 ILI1ISRI1U1ILS [0001,000c,0009]
 497000000 ILI1IX1ISIXL1L [0088,0004]
 498000000 ILI1IR2U1S1RXL [0003]
 499000000 ILI1IRSIXC1RXC [0001,0002]
 500000000 ILI1IRIUS21C3L [0001,0004,0002,0004]
 501000000 ILI1IU1SXISC [0011]
 502000000 ILI1IUI21S1I33 [0004,0001,0001,0009]
 503000000 ILI1IL21S1L1IX [0004,0009]
 504000000 ILI1ILI22UXISC [0001,0001,0008,0001]
 505000000 ILI1II3SRX1RXL [0008]
 506000000 ILI1II2XLSIU1R [0001,0004,0003]
 507000000 ILI1IIXUIUSR1R [0001,0088,0001]
 508000000 ILI1IIU3LI4UX [0001,0004,0008,0001]
 509000000 ILI1IIL1U31XI3 [0008,0001,0001,0008]
 510000000 ILI1IIILX23UXS [0001,0009]
 511000000 ILISRIII3LC1S [0001,0001,0001,0009]
 512000000 ILISUCIU2R2L2C [0008,0001,0004]
 513000000 ILISUIU1CUI31S [0004,0008,0005]
 514000000 ILISLIXRIIL1R1 [0009,0002,0008]
 515000000 ILISI1U1UIRIL2 [0006,0002,0008,0004]
 516000000 ILISI1I1CXRSLI [0001,0088,0001]
 517000000 ILISIXI1UIRX1U [0006,0004]
 518000000 ILISIRILI1XX1C [0002,0008,0001]
 519000000 ILISIUIISSLSRC [0004,0113]
 520000000 ILISII22I33XL2 [0001,0008,0001]
 521000000 ILISIIRI33L1S1 [0002,0098,0001]
 522000000 ILISIIILSSCXC [0009,0008]
 523000000 ILIXUILSIXIXCC [0008,0002]
 524000000 ILIXLIIUSRCLXI [0004,0008,0001]
 525000000 ILIXIXISUIL1L1 [0003,0008]
 526000000 ILIXIUIU2RS1RC [0005,0008]
 527000000 ILIXIIRSL1SC1X [0001]
 528000000 ILIR1SIUIXSCIS [000c,0003]
 529000000 ILIR1RILI3RI2U [0001,0008,0004,0001,0004]
 530000000 ILIR1L1IUIXU1 [0004,0001,0002]
 531000000 ILIR1I2SI21SRS [0033]
 532000000 ILIR1ISSIU1SC [000c,0003]
 533000000 ILIR1IUSSCL1LX [0001]
 534000000 ILIR1IIX21LI1 [0008,0002,0001,0008]
 535000000 ILIRSRIIL1IUSC [0005,0008,0004,0001]
 536000000 ILIRSIRSLI1XIL [0001,0008]
 537000000 ILIRXUIRI2SXUC [0008]
 538000000 ILIRXIII3L22US [0001,0004,0005]
 539000000 ILIRI2SRSRCR11 [0044,0004]
 540000000 ILIRI2UI1ILSCS [0002,0001,0001,000a]
 541000000 ILIRI2IS2LXISU [0001,0046]
 542000000 ILIRI12I1IL42C [0002,0001,0008,0001,0008]
 543000000 ILIRI1U2UXLIIX [0001,0004,0001]
 544000000 ILIRI1I1SIL3UC [0001,0003,0008,0002]
 545000000 ILIRISXLI1XU [0004]
 546000000 ILIRISII21L12C [0008,0008,0003,0001]
 547000000 ILIRIR21LSI1US [0002,0007]
 548000000 ILIRIRI3I2L2XX [0002,0002,0001]
 549000000 ILIRIU22ISUIS [0004,0008,000d]
 550000000 ILIRIU1ISR2R [0004,0006,0001]
 551000000 ILIRIUI1SLIL12 [0008,0008,000a,0002]
 552000000 ILIRIL2U1IRXU2 [0002,0002,0002]
 553000000 ILIRILSIR2I2XS [000a,0009]
 554000000 ILIRILIU3I22SL [0002,0008,0001,0006]
 555000000 ILIRII3UXRIU2S [0002,0002,0005]
 556000000 ILIRII2UXXR1IR [0002,0008,0002]
 557000000 ILIRIIR32UX1UI [0002,0008,0008,0001]
 558000000 ILIRIIU2USSCLI [0008,000c,0008,0001]
 559000000 ILIRIILS2SCLS [0002,0888]
 560000000 ILIRIIILS1SC3R [0002,0008,0011,0001]
 561000000 ILIU1RI2ISXRXR [0002]
 562000000 ILIU1UIXIRIXXX [0004]
 563000000 ILIU1LIIRIXSL1 [0004,0009,0004]
 564000000 ILIU1I1LIU23SL [0004,0004,000a]
 565000000 ILIU1IRIRXU2X1 [0008,0008]
 566000000 ILIU1II23U32RI [0001,0001,0001,0001,0001]
 567000000 ILIUSRII2ISL1U [0001,008c,0004]
 568000000 ILIUSIXRIILXLS [0089]
 569000000 ILIUXUIIRXLSIL [000a,0008]
 570000000 ILIUI22XSLIIC [000c,0001,0001]
 571000000 ILIUI2SC2SSCS [000d]
 572000000 ILIUI2UIU1LSSU [0004,0054]
 573000000 ILIUI2IX1R1LIC [0004,0002,0004,0001]
 574000000 ILIUI12IIU32R2 [0001,0008,0004,0002,0004]
 575000000 ILIUI1UI3ILSXX [0001,0001]
 576000000 ILIUI1ISS1SCS [0059]
 577000000 ILIUISR1IRIX2 [0008,0002,000a]
 578000000 ILIUIX1U1SIR11 [0006,0002]
 579000000 ILIUIR2X1SRII1 [000c,0001,0001]
 580000000 ILIUIRS1IR2C [0008,0002,0004,0002]
 581000000 ILIUIRIXXIRSXU [0002]
 582000000 ILIUIU2I2L12LC [0004,0002,0001,0004]
 583000000 ILIUIUISXRIUSS [00c8]
 584000000 ILIUIL2IS2XCXC [0008,0008]
 585000000 ILIUILI3SRIX2C [0008,0003,0004]
 586000000 ILIUILIISR2LSX [0008,0008]
 587000000 ILIUII3IU4USXR [0001,0001,0001]
 588000000 ILIUIIS2SSCIUC [000c,0011,0004]
 589000000 ILIUIIR2L3RS1S [0001,0023]
 590000000 ILIUIIUSLC21I1 [0008,0008,0004,0001,0002]
 591000000 ILIUIILIX12R32 [0008,0008,0008,0001]
 592000000 ILILSUIUSI1L1L [0013,0008]
 593000000 ILILSIIRI2LSLS [0088,000e]
 594000000 ILILXIUII2RXU2 [0001,0004,0008]
 595000000 ILILI2SIR1XRXC [0008]
 596000000 ILILI2L2I21LIS [0001,0008,0004,0009]
 597000000 ILILI2IR1XI2SL [0008,0002,0088]
 598000000 ILILI1SUISLXR [0001]
 599000000 ILILI1UIIX1RX [0008,0001,0001]
 600000000 ILILI1IXUIU1U3 [0001,0004,0008,0008]
 601000000 ILILISU1IL2XLX [0008]
 602000000 ILILIXRIISR22 [0022,0008,0001]
 603000000 ILILIR2IR3XUIX [0002,0008,0008]
 604000000 ILILIRXII32S1R [0008,0009,0002]
 605000000 ILILIRILIUX21 [0008,0002,0008,0008]
 606000000 ILILIU1L2IU32C [0004,0004,0004,0008]
 607000000 ILILIUI1R3RSSU [0008,0064]
 608000000 ILILILXI1USLXL [0004]
 609000000 ILILILIIRSL3UC [0008,0008,0009,0002]
 610000000 ILILII23SUIXSX [0001]
 611000000 ILILIIS2IX2S1S [0099]
 612000000 ILILIIR1X1UXIS [0008,0003]
 613000000 ILILIIUXSRILSS [00b8]
 614000000 ILILIII4LSR23S [0001,000a,0009]
 615000000 ILII22R2SIU1XR [0008,0008]
 616000000 ILII22LXI1XXIC [0001,0001]
 617000000 ILII22IISR2R1 [0001,0001,0001,0022]
 618000000 ILII21U2IU3IS1 [0004,0001,0009,0004]
 619000000 ILII21ISLI3SC [0008,0088,0011]
 620000000 ILII2SU1SISCIL [0004,0013,0008]
 621000000 ILII2SIR1L1LXL [0001,0006]
 622000000 ILII2RXUSCIX [0004,0001]
 623000000 ILII2U2ISILSR2 [0002,0023,0001]
 624000000 ILII2UI3RX22SX [0001]
 625000000 ILII2L2S1IRISS [0005,0031]
 626000000 ILII2LSRCI12IL [0001,0001,0002,0008,0008]
 627000000 ILII2LIU21XI31 [0004,0001,0001,0001]
 628000000 ILII2I3LXR1I2L [0001,0008,0001,0001]
 629000000 ILII2I1SU22SSU [004d]
 630000000 ILII2IX1U21R22 [0008,0008,0001]
 631000000 ILII2IU33U3R3R [0001,0004,0001,0008]
 632000000 ILII2IL2R13I2 [0008,0002,0001,0001,0008]
 633000000 ILII2IIUXUX12 [0008,0001,0001]
 634000000 ILIISSI1CRIS1L [0001,0023,0004]
 635000000 ILIISUSISUCUIX [0004,004c]
 636000000 ILIISI22RIS2U1 [0008,0004,0023]
 637000000 ILIISIU2SLSCRX [0004]
 638000000 ILIIX1LI2R2RXL [0001,0001]
 639000000 ILIIXRISU1R1UX [0001]
 640000000 ILIIXLIU1I3XS1 [0009,0004]
 641000000 ILIIXIL1U2I12R [0008,0001,0008,0008]
 642000000 ILIIR21LISR1S1 [002a,0001]
 643000000 ILIIR2RIL3SUC3 [0001,0004,0002,0002]
 644000000 ILIIR2I22L3R2C [0001,0004,0002,0002]
 645000000 ILIIR12X1IXSIC [0003,0001]
 646000000 ILIIR1RI3L1LXS [0002,0006]
 647000000 ILIIR1LIRIX2L [0008,0008,0002,0001]
 648000000 ILIIR1IIU33LX1 [0008,0001,0002,0004]
 649000000 ILIIRSI1SLIRXC [0008,0088,0001]
 650000000 ILIIRXIUIUS2U2 [0044,0002,0001]
 651000000 ILIIRI3I1L2S1L [0001,0002,0005,0008]
 652000000 ILIIRI13UXRIRX [0001,0001,0004]
 653000000 ILIIRISLS1ILSR [0091,0011]
 654000000 ILIIRIRI1LSU1S [0008,0001,0046]
 655000000 ILIIRIL3UISX1X [0001,0008]
 656000000 ILIIRII2R4RS31 [0001,0001,0001,0005]
 657000000 ILIIU21XRIIL1R [0001,0001,0008,0002]
 658000000 ILIIU2RI3R2SSI [0004,0031,0001]
 659000000 ILIIU2I3RIUSCL [0004,0008,0001,0004,0001]
 660000000 ILIIU2IIU14U2U [0004,0008,0001,0004,0001]
 661000000 ILIIU1R12SRIU2 [0009,0004,0002]
 662000000 ILIIU1LI1RIR1R [0008,0004,0001,0002,0002]
 663000000 ILIIU1II3S3XRX [0001,0001]
 664000000 ILIIUSC2I1S1UI [0004,0009,0004,0001]
 665000000 ILIIUX1I1XIUXS [0011]
 666000000 ILIIUI31ISU3XU [0004,0008,0011]
 667000000 ILIIUI2XRX1U11 [0004,0002]
 668000000 ILIIUI1L22XRXC [0008,0002]
 669000000 ILIIUIXI3U1UXS [0001,0006]
 670000000 ILIIUIU3I3USRX [0001,0004,0008]
 671000000 ILIIUILSLC1R2U [0008,0002,0008,0004]
 672000000 ILIIUIIL2RS21 [0008,0001,0001,0088]
 673000000 ILIIL2RI2IRS3 [0001,0001,000a,0001]
 674000000 ILIIL2I33LSIL3 [0001,0005,0008,0008]
 675000000 ILIIL2IIU2U2S2 [0001,0004,0003,0008]
 676000000 ILIIL1U1I33RSI [0008,0001,0088,0001]
 677000000 ILIIL1IR2SCR1C [0008,0001,0004,0008]
 678000000 ILIILSUC1IR3XC [0002,0004,0002]
 679000000 ILIILSIU1I13U [0004,0001,0009,0002]
 680000000 ILIILI32L1UXI3 [0001,0004,0001,0001]
 681000000 ILIILI22IR4L1R [0001,0001,0008,0004,0004]
 682000000 ILIILI1U12RX2U [0002,0001,0002]
 683000000 ILIILIXU2XLSIR [0011,0002]
 684000000 ILIILIU3SU1SRX [0001]
 685000000 ILIILILS2U2L1S [0088,000a]
 686000000 ILIILIIL4L2R22 [0001,0008,0002,0008,0004]
 687000000 ILIII32U3RSL1I [0001,0003,0008,0001]
 688000000 ILIII3S2R1UI3X [0002,0006,0001]
 689000000 ILIII3U3L1XSSR [0032]
 690000000 ILIII3LS2RXLIR [0001,000a,0002]
 691000000 ILIII3IUSR1S1X [0001,0019]
 692000000 ILIIISRX1I1L1S [0001,0005]
 693000000 ILIIIX2SISUCXR [0001,0088]
 694000000 ILIIIXIR3L3U22 [0001,0004,0002,0004]
 695000000 ILIIIR3I14XUSX [0001,0002]
 696000000 ILIIIR13SCIR12 [0001,0002,0002,0001,0008]
 697000000 ILIIIRS1IXR1SR [0008,0064]
 698000000 ILIIIRI1R34S1L [0001,0001,0009,0002]
 699000000 ILIIIU3R2LS1U1 [0001,0001,0009]
 700000000 ILIIIU2U2XXLIL [0008,0002,0008]
 701000000 ILIIIU1L12ISX1 [0008,0004,0008]
 702000000 ILIIIUXUIL3L2X [0001,0008,0004]
 703000000 ILIIIL33R31RC [0008,0008,0001,0004]
 704000000 ILIIIL22L1IU2S [0008,0008,0001,000c]
 705000000 ILIIIL1XSSUCL1 [0011,0004]
 706000000 ILIIILSCRSLXI2 [0001,0001,0008]
 707000000 ILIIILIR42X21X [0001,0002,0001]
 708000000 ILIIIIS22SL1LX [0008,0088]
 709000000 ILIIIIRSL1U32C [0001,0004,0008,0008,0001]
 710000000 ILIIIIL2L3S3SS [0001,0898]
 711000000 IISRI1IIR3R3 [0001,0002,0002,0022]
 712000000 IISRIU1L1I1ISC [0011,0001,0004,0001]
 713000000 IISRILIXSRCRI [0044,0002,0001]
 714000000 IISRIIU1IXXSCS [0026]
 715000000 IISUI1I22SUIU1 [0001,0004,0015]
 716000000 IISUIRXUIIR1XL [0011,0001]
 717000000 IISUIL1U1IL [0011,0008,0008]
 718000000 IISUIIXI21SUXC [0001]
 719000000 IISLI1XLIRIL1C [0008,0008,0002]
 720000000 IISLIXILI1R21U [0001,0088,0004]
 721000000 IISLIUI1IUX1U1 [0088,0004,0004]
 722000000 IISLII2US1LI21 [0008,0023,0001]
 723000000 IISLIII3U33L21 [0001,0001,0022,0008]
 724000000 IISI1U1LISI2U [0009,0001,0011]
 725000000 IISI1LIUIRXUX1 [0088,0001]
 726000000 IISI1IU12S1RXU [0444]
 727000000 IISISIL1LIXRXU [0002]
 728000000 IISIR1I1R22L2I [0002,0008,0022,0001]
 729000000 IISIRI1SSLCIXR [0888,0002]
 730000000 IISIRILI3RSL21 [0008,0002,0019]
 731000000 IISIU1IU1R1R2U [0022,0008,0001]
 732000000 IISIUI2I33L21S [0011,0004,0009]
 733000000 IISIUIL2IRXXL1 [0004,0004]
 734000000 IISIL1I1IUSSC1 [0008,0111,0004]
 735000000 IISILI2I3LS22 [0005,0001,0011]
 736000000 IISILIL21I1L2S [0008,0001,0015]
 737000000 IISII2R2U21IS1 [0022,0005,0001]
 738000000 IISIISUIL2L2LS [0008,00aa]
 739000000 IISIIRSLC2LXL1 [0008,0008]
 740000000 IISIIU1IX2L1XU [0004,0022]
 741000000 IISIIL1R2SLCIX [0008,0088,0001]
 742000000 IISIIISL1RSUXL [0088]
 743000000 IIXRI1I2R2I32C [0002,0001,0001,0002]
 744000000 IIXRIU1L1SI1SI [0051,0001]
 745000000 IIXRILIUIL32LX [0008,0008,0002]
 746000000 IIXRIIL1LXL1XI [0004,0001]
 747000000 IIXUISRIUI1S1X [0005]
 748000000 IIXUIUISLILSXL [0002]
 749000000 IIXUIIS1U1SIR [0111,0002]
 750000000 IIXLI1XLIXLILC [0004,0008]
 751000000 IIXLIR1ILX1LIX [0008,0001]
 752000000 IIXLILXISRIRSC [0023]
 753000000 IIXLIIU1XRI2LX [0008,0001]
 754000000 IIXIXUISILXLCS [000a]
 755000000 IIXIRSI1I1L22X [0009,0001]
 756000000 IIXIRIUSUC1LS [0001,0005]
 757000000 IIXIU1ISL1UXIL [0088,0008]
 758000000 IIXIUI1I33RSR1 [0004,0006,0001]
 759000000 IIXIUIIL3LSS1C [0089,0004]
 760000000 IIXILXRIRIUXS [0022]
 761000000 IIXILIUSLXUIL [0004,0008]
 762000000 IIXIIR2LI1XXXC [0001]
 763000000 IIXIIU12I31US [0001,0001,0044]
 764000000 IIXIIL1XLI2U1 [0004,0004,0001]
 765000000 IIXIIIU1L3UXR2 [0004,0001,0001]
 766000000 IIR1SLCI21IU33 [0001,0004,0001,0008]
 767000000 IIR1SILISUC22I [0002,0003,0004,0001]
 768000000 IIR1XIRXRI1I2L [0004,0001,0008]
 769000000 IIR1RXIUXUIUIU [0008,0004,0004]
 770000000 IIR1RI1I2X2XXC [0002]
 771000000 IIR1RIUXXIRI1L [0002,0001,0001]
 772000000 IIR1RIISSUIU22 [0004,0002,004c]
 773000000 IIR1U1UIII4LX2 [0008,0001,0001,0001]
 774000000 IIR1USCI22SIL [0001,0006,0008]
 775000000 IIR1UI2LSUIIS2 [0044,0011,0004]
 776000000 IIR1UIX1IUSSIX [0064]
 777000000 IIR1UIL2I32US [0008,0001,000c]
 778000000 IIR1UIIU3IR3RC [0004,0004,0002,0002,0002]
 779000000 IIR1L1I1SRSCUI [000c,0008,0001]
 780000000 IIR1LSIUI1IRS2 [0001,0006,000a]
 781000000 IIR1LI12LISRSS [002b]
 782000000 IIR1LIR1S1R1IC [0004,000a,0001]
 783000000 IIR1LILI2SL2S1 [000e,0008]
 784000000 IIR1LIII41R31S [0008,0001,0002,0003]
 785000000 IIR1I2SSRCXRIX [0008]
 786000000 IIR1I2UI2R3SL1 [0008,0009,0001]
 787000000 IIR1I2IUI13L21 [0001,0002,0004,0001,0008]
 788000000 IIR1ISI1IR2XR [0002,0011,0004]
 789000000 IIR1IXIIR1LSL1 [0002,0005,0001]
 790000000 IIR1IRSR1IXL1C [0001,0004,0002]
 791000000 IIR1IRIU32IS31 [0004,0002,0001,0003]
 792000000 IIR1IU12SR1SCL [0044,0001]
 793000000 IIR1IUXIIU13S [0001,0004,0003]
 794000000 IIR1IUII2US2X2 [0001,0011,0002]
 795000000 IIR1IL1LSSUIU1 [0004,002a]
 796000000 IIR1ILI2IUSLCC [0002,0008,0001,0008,0002]
 797000000 IIR1II31S1X1XC [0003]
 798000000 IIR1IIX22XR1SR [000a]
 799000000 IIR1IIU33IRXXU [0001,0004,0008]
 800000000 IIR1IIL2U2LS12 [000c,0008,0002]
 801000000 IIR1IIIL12RSS1 [0002,000b,0001]
 802000000 IIRSRCIU2R1XSR [0005]
 803000000 IIRSRIU1CUISX1 [0004,0004]
 804000000 IIRSUIXUI1R1XU [0009]
 805000000 IIRSLCRI2LXLIS [0002,0009]
 806000000 IIRSLI1C1L2SIC [0001,0005,0001]
 807000000 IIRSLIIR21SCR2 [0008,0006,0001]
 808000000 IIRSI1I1UXIRSU [0001,000c]
 809000000 IIRSIRXLIRXIR [0009,0002]
 810000000 IIRSIUIRISLCX2 [0004,0008,0003]
 811000000 IIRSII21IU1U [0001,0003,0004,0004]
 812000000 IIRSIIL21I21XR [0001,0008,0006]
 813000000 IIRXRII22IR3UX [0002,0001,0002]
 814000000 IIRXUIIIR3RSX [0001,0001]
 815000000 IIRXIR1RISLCR [0002,0008,0002]
 816000000 IIRXIUIIL21XL [0001,0001,0002]
 817000000 IIRXIIUIXSSCXR [0008]
 818000000 IIRI22RI1R23R2 [0001,0001,0002,0008]
 819000000 IIRI22I1US2XIX [0001,0009]
 820000000 IIRI2SRIL1L1LX [0002,0011]
 821000000 IIRI2XUIR1I1UX [0002,0002,0001]
 822000000 IIRI2R1U12LII1 [0004,0002,0001,0001,0001]
 823000000 IIRI2RI1SU1R1 [0002,0002,000c]
 824000000 IIRI2U2RISRCXI [0001,0004,0008,0001]
 825000000 IIRI2USLIUXISC [0002,0008,0003]
 826000000 IIRI2UIRSUS1LX [0091]
 827000000 IIRI2L2IIR2U3C [0001,0001,0002,0008,0008]
 828000000 IIRI2LXIU1I21C [0002,0001,0004,0001]
 829000000 IIRI2LII3XRS12 [0003,0008,0002]
 830000000 IIRI2IS2UI22S2 [0001,0019,0001]
 831000000 IIRI2IR1I3L44X [0001,0001,0008,0002]
 832000000 IIRI2IUIS1XRX [0002,0001]
 833000000 IIRI2IISU2S1SS [0057]
 834000000 IIRI1SL1I2LSC1 [0001,0001,000c]
 835000000 IIRI1XIRS1LIS [0003,0009]
 836000000 IIRI1R1I2XSSIS [1111]
 837000000 IIRI1RIX1RI33U [0002,0001,0001,0001]
 838000000 IIRI1U2ILSSXLC [0008]
 839000000 IIRI1UI3XX1SUI [0006,0001]
 840000000 IIRI1LSRIR2RSC [0022,0022]
 841000000 IIRI1I3SL1RSIS [0001,008d]
 842000000 IIRI1I2RIS1L1U [0001,0002,0008,000c]
 843000000 IIRI1IS1U2R22S [0002,0007]
 844000000 IIRI1IRSIR33XU [0022,0002,0004]
 845000000 IIRI1IUIL14L2 [0001,0002,0004,0008,0008]
 846000000 IIRI1II24X1SX [0001,0001]
 847000000 IIRIS1LI2RIX2S [0001,000e]
 848000000 IIRISRSII2C33R [0004,0003,0001,0002]
 849000000 IIRISRILXCRXXL [0008]
 850000000 IIRISLSCIUXUXI [0008,0001]
 851000000 IIRISLIISUSCRC [0001,004c,0002]
 852000000 IIRISIRXSRCSIC [0026,0001]
 853000000 IIRIX1RSIRIUXC [0022,0002]
 854000000 IIRIXRSRIIL22 [0008,000a,0001]
 855000000 IIRIXLIR1USCUX [0001,0004]
 856000000 IIRIXIUSLIXXLC [0008]
 857000000 IIRIR21S1SII [0023,0001,0001]
 858000000 IIRIR2RIU22I1U [0002,0004,0002,0001,0008]
 859000000 IIRIR2I31SLXRS [0022]
 860000000 IIRIRS1I2R1U2L [0044,0004,0008]
 861000000 IIRIRXXIR1UIRX [0002,0004]
 862000000 IIRIRI3RXSIR1R [0002,0002,0006]
 863000000 IIRIRI2USC3XLS [0002,0088]
 864000000 IIRIRI1I42S33S [0001,0003,0003]
 865000000 IIRIRIR3L1RSSR [0002,000d]
 866000000 IIRIRIUI2L3R2R [0001,0004,0001,0004,0002]
 867000000 IIRIRII33R2X23 [0002,0004,0001,0001]
 868000000 IIRIU22I1XS1IR [0011,0004,0002]
 869000000 IIRIU2R2SLIU2C [0011,0004,0004]
 870000000 IIRIU2LX1IILXC [0004,0002,0001]
 871000000 IIRIU2IL1USXI2 [0004,0001,0002]
 872000000 IIRIU1XIXIRSRS [000d]
 873000000 IIRIU1LXUIS1I1 [0011,0001,0001]
 874000000 IIRIU1IUIU41L4 [0002,0004,0001,0002,0004]
 875000000 IIRIUSL1ISRS [0223]
 876000000 IIRIUSILXR1SRC [0008,0003]
 877000000 IIRIUI32R2U1I1 [0002,0001,0004,0001,0008]
 878000000 IIRIUI21USXIC [0001,0004,0001]
 879000000 IIRIUI1X22R1IC [0001,0004,0001,0001]
 880000000 IIRIUISIU3S2UX [0005,0005]
 881000000 IIRIUIRI24L2U [0002,0002,0004,0008,0004]
 882000000 IIRIUIL2U33IL [0008,0008,0001,0004,0008]
 883000000 IIRIUIIXU31XL2 [0004,0008,0002]
 884000000 IIRIL21L12I3SU [0001,0002,0005]
 885000000 IIRIL2RISIL22L [0002,0008,0008,0009]
 886000000 IIRIL2I3U33XXU [0001,0002]
 887000000 IIRIL12RII2X3 [0002,0001,0001,0008]
 888000000 IIRIL1RI2SC1 [0001,0004,0001,0008]
 889000000 IIRIL1I23L2R2L [0002,0008,0002,0004]
 890000000 IIRILS1R1RIL2U [0005,0008,0008]
 891000000 IIRILSCUI2IR3X [0001,0001,0008,0002]
 892000000 IIRILXRI1RIL2R [0001,0008,0008,0002]
 893000000 IIRILI3U3SR2U [0001,000c,0002]
 894000000 IIRILI2U3LISU2 [0008,0008,0006,0001]
 895000000 IIRILI1LSSRCLC [0001,000c,0001]
 896000000 IIRILIXI12SR1L [0001,0005,0008]
 897000000 IIRILIU21RI1R [0001,0008,0002,0001,0001]
 898000000 IIRILILX1LXI2U [0008,0001,0004]
 899000000 IIRILIILSR1RSU [0001,0002,004c]
 900000000 IIRII3XXLILXL [0002,0004]
 901000000 IIRII3U3UXSCLC [0001,0004,0008]
 902000000 IIRII3L1SXIU1L [0002,0004,0008]
 903000000 IIRII23SL2I3RX [0009,0001,0001]
 904000000 IIRII22L12LXRC [0001,0008,0004]
 905000000 IIRII2SR2IU3X2 [0001,0004,0006]
 906000000 IIRII2RI4SRXR2 [0001,0008,0001]
 907000000 IIRII2LIL3L4U [0001,0001,0008,0008,0004]
 908000000 IIRIIS2RXXIU11 [0002,0004]
 909000000 IIRIISUSIR1C1C [0001,0002,0002,0044]
 910000000 IIRIIX1USR1I22 [0001,0003,0001]
 911000000 IIRIIXIU3LXU2C [0001,0001,0002]
 912000000 IIRIIR23L1SLCU [0001,0002,0004,0004]
 913000000 IIRIIR1R3XUXSU [0088]
 914000000 IIRIIRX1I1U3LC [0001,0001,0008,0008]
 915000000 IIRIIRIL4R2X3 [0001,0008,0002,0002]
 916000000 IIRIIU3ISSR12U [002a,0001,0008]
 917000000 IIRIIU2IU34R24 [0002,0001,0002,0004,0004]
 918000000 IIRIIUS12I22R [0005,0001,0002,0002]
 919000000 IIRIIUI3SR1RX1 [0001,0006,0001]
 920000000 IIRIIL31U1L1RS [0002,0001,000c]
 921000000 IIRIIL21L1I3S2 [0001,0002,0011,0004]
 922000000 IIRIIL1X1L1IRX [0001,0001,0008]
 923000000 IIRIILSC2IRS3U [0008,0001,0022,0004]
 924000000 IIRIILISR3R33X [0003,0002,0002]
 925000000 IIRIII33U2XXU2 [0001,0008,0001]
 926000000 IIRIIIXU1U21U [0001,0004,0002,0001]
 927000000 IIRIIIU2U32X33 [0004,0002,0001,0001]
 928000000 IIU1SRCRI1USRC [0008,0022]
 929000000 IIU1SI1C2U1UXR [0004,0008]
 930000000 IIU1SIIXU1IS1 [0015,0004]
 931000000 IIU1XIUI2SIX11 [0004,0005]
 932000000 IIU1R1I2SI2XRX [0003]
 933000000 IIU1RSIILIXS [0006,0009]
 934000000 IIU1RI1XUIRIS2 [0004,0003,0004]
 935000000 IIU1RIRI22RSXU [0004,0004]
 936000000 IIU1RILIU2XX1U [0008,0001]
 937000000 IIU1RIIIU1L41R [0002,0001,0004,0004,0001]
 938000000 IIU1UI2IR1LXU2 [0001,0008,0004]
 939000000 IIU1UIR2XIU22I [0004,0004,0002,0001]
 940000000 IIU1UILIR22IX1 [0004,0002,0008,0004]
 941000000 IIU1UIIIL44LSL [0001,0001,0008,0003]
 942000000 IIU1L1ILIXUIR1 [0008,0004,0002,0002]
 943000000 IIU1LI2SIX11 [0008,0005]
 944000000 IIU1LISR1RI1I3 [0001,0008,0001,0003]
 945000000 IIU1LIUSLILXXU [0001]
 946000000 IIU1LIIXSILSXC [0004]
 947000000 IIU1I21SLIUSXL [0008]
 948000000 IIU1I2RSUCI21I [0001,0002,0004,0001,0001]
 949000000 IIU1I2I2UXR2S1 [0003,0004]
 950000000 IIU1ISXISLC1X [0002]
 951000000 IIU1IXRI1UI2SS [0004,0019]
 952000000 IIU1IR2I1ILX33 [0001,0004,0001,0002]
 953000000 IIU1IRXIRSRC22 [0002,0004,0004]
 954000000 IIU1IRII4RS2C [0001,0001,0009,0002]
 955000000 IIU1IU1IL22SI3 [0008,0005,0001,0004]
 956000000 IIU1IUIX1UI1LS [0004,0004,0003]
 957000000 IIU1IL2I2UX1XR [0001,0002]
 958000000 IIU1ILX1UIXXI1 [0001,0001]
 959000000 IIU1ILIL32US12 [0006,0008,0001]
 960000000 IIU1II3I2SR3L2 [0001,0022,0008,0004]
 961000000 IIU1IIR2L3R23U [0008,0008,0002,0004]
 962000000 IIU1IIUSI3U2XR [0001,0001,0002]
 963000000 IIU1III44L21C [0001,0001,0004,0001,0008]
 964000000 IIUSRCUII32SRI [0008,0001,0003,0001]
 965000000 IIUSRI1I22XXUI [0004,0001]
 966000000 IIUSRIIRIR2LXS [000a,0022]
 967000000 IIUSLCI1II2RX2 [0008,0001,0001,0001]
 968000000 IIUSLIRSI1C1U1 [0001,0002,0022]
 969000000 IIUSCXIL1I1UIL [0008,0001,0001,0008]
 970000000 IIUSCRIILSUXI1 [0004,0001,0002]
 971000000 IIUSCLXI1LSIRC [0003,0002]
 972000000 IIUSCI2L1IUSS [0001,0007]
 973000000 IIUSCIU22SLI2 [000a,0001,0004]
 974000000 IIUSCII3IXLSX1 [0001,0001]
 975000000 IIUSI1L1LSI1SC [0088,0003]
 976000000 IIUSI1IRSRCLXL [0001,0006]
 977000000 IIUSIXI1I2RSXU [0005]
 978000000 IIUSIRII2R1L1 [0005,0001,0008,0004]
 979000000 IIUSIL1RCRIR3 [0008,0004,0002,0008]
 980000000 IIUSII21I23XC1 [0001,0001,0001,0004]
 981000000 IIUSIIRILXR1LX [0005,0004]
 982000000 IIUXRI1IU2IXXX [0002]
 983000000 IIUXUIUXI1L1RS [0022]
 984000000 IIUXLIIS1LXUIU [0044,0004]
 985000000 IIUXIU1IRISR2U [0001,0006,0001]
 986000000 IIUXIISIU2L11 [0011,0004,0008]
 987000000 IIUI22SILXXRIC [0002,0001]
 988000000 IIUI22LIXXUIL [0001,0004,0008]
 989000000 IIUI22IIS2S2U2 [0111,0004,0004]
 990000000 IIUI2SII3LX2US [0001,0045]
 991000000 IIUI2R2SIR22RS [0002,000d]
 992000000 IIUI2RSRC22XSI [0006,0001]
 993000000 IIUI2RIRI32R33 [0004,0001,0004,0002,0001]
 994000000 IIUI2U1RI22U1 [0004,0001,0008,0004]
 995000000 IIUI2UI2L22I2U [0004,0008,0001,0001,0001]
 996000000 IIUI2L2XLIIUX2 [0004,0001,0001]
 997000000 IIUI2LSUSUCIIL [0008,0011,0001,0008]
 998000000 IIUI2LIR3L3LXC [0008,0002,0002]
 999000000 IIUI2I3R1I4LXR [0001,0008,0001,0002]
1000000000 IIUI2IR32RIX1R [0001,0002,0002,0008]
1001000000 IIUI2IU2IXR1XL [0004,0001,0001]
1002000000 IIUI2ILSCR2UX2 [0008,0002,0004]
1003000000 IIUI1SSC1UI21R [0001,0011,0002]
1004000000 IIUI1SII2LSS1X [00b1]
1005000000 IIUI1R2IX2S1I [0011,0008,0001]
1006000000 IIUI1RXIL1SLI2 [000c,0001,0001]
1007000000 IIUI1RIIL1R1U [0001,0001,0008,0002,0002]
1008000000 IIUI1L2RIS2IS1 [0002,0011,0003]
1009000000 IIUI1LSIRSIR22 [0002,0001,0023]
1010000000 IIUI1LILI2LSR3 [0001,0008,0022,0001]
1011000000 IIUI1I23RXL12U [0008,0001,0001]
1012000000 IIUI1I1RIR34S2 [0001,0002,0011,0008]
1013000000 IIUI1IXIX2R2L2 [0002,0008,0004]
1014000000 IIUI1IU21UXIR [0001,0004,0001,0002]
1015000000 IIUI1ILXIUX2XX [0001]
1016000000 IIUIS1SIRSI1RC [0001,000c,0022]
1017000000 IIUISSRCUIRXIL [0008,0088,0008]
1018000000 IIUISRC2L2USLI [0002,0005,0001]
1019000000 IIUISL1SLIRI [000d,0002,0001]
1020000000 IIUISLI1RIL3S1 [0001,0009,0005]
1021000000 IIUISI1C1LSLIL [0001,0001,0009,0008]
1022000000 IIUISIU1LCX22S [0008,0005]
1023000000 IIUIX1RI1U1LSU [0004,0022]
1024000000 IIUIXR1LIR22RX [0002,0008]
1025000000 IIUIXLIX1LI1XU [0002,0004]
1026000000 IIUIXIU22RIL [0004,0001,0008,0008]
1027000000 IIUIR22IUSXXU [0008]
1028000000 IIUIR2R2IISSL1 [0002,008a,0002]
1029000000 IIUIR2LI22LXIS [0004,0001,0003]
1030000000 IIUIR2ILIR43X2 [0002,0002,0004,0008]
1031000000 IIUIR1R2SLIL2U [000c,0008,0008]
1032000000 IIUIR1LI1USSUX [0001]
1033000000 IIUIR1IL12SUXR [0001,0001]
1034000000 IIUIRSLIRI2SUX [0001,0002]
1035000000 IIUIRXLILI3XXS [000a]
1036000000 IIUIRI3LS1XUI [0004,0006,0001]
1037000000 IIUIRI2LIRSLX [0001,0002,0001]
1038000000 IIUIRI1IU1R2UC [0001,0004,0004,0004,0004]
1039000000 IIUIRIR22SRSCU [0001,000c,0008]
1040000000 IIUIRIUX1LIXSU [0001,0088]
1041000000 IIUIRILIU23SSL [0001,0008,0032]
1042000000 IIUIU22U2RIIX1 [0001,0001,0001,0008]
1043000000 IIUIU2XRIR21U1 [0008,0008,0004]
1044000000 IIUIU2LXXI1I22 [0001,0001,0004]
1045000000 IIUIU2ILX2L2UI [0001,0002,0001,0001]
1046000000 IIUIUSIL21IR12 [0044,0002,0008,0001]
1047000000 IIUIUI32SXRI2L [0002,0001,0002]
1048000000 IIUIUI2SL1IR31 [000a,0004,0001,0002]
1049000000 IIUIUI1R12X2X1 [0001,0008]
1050000000 IIUIUIXR2S1I22 [0001,0009,0004]
1051000000 IIUIUIU31I2RSL [0004,0004,0004,0009]
1052000000 IIUIUILI3R3X33 [0001,0008,0001,0008]
1053000000 IIUIL22XI2RXSC [0011]
1054000000 IIUIL2SI1LIU1R [0004,0001,0004,0009]
1055000000 IIUIL2UI1US12L [0011,0008,0002]
1056000000 IIUIL2IRS21RXR [0008,0008]
1057000000 IIUIL1SLSIUIL2 [0004,0008,0007]
1058000000 IIUIL1L2R2I33R [0008,0001,0002,0004]
1059000000 IIUIL1IXIUXSR1 [0009,0001]
1060000000 IIUILSRII3L2L2 [0009,0008,0008,0001]
1061000000 IIUILXRSIR1C2U [0008,0001,0008]
1062000000 IIUILI3RIS2R3S [0001,0003,0005]
1063000000 IIUILI2RIU1L33 [0001,0004,0004,0008,0001]
1064000000 IIUILI1L2L1L [0001,0001,0002,0002]
1065000000 IIUILIXI23RSR1 [0008,000c,0001]
1066000000 IIUILIU3I22UX2 [0004,0001,0004,0008]
1067000000 IIUILILX1USLC [0001,000c]
1068000000 IIUILIILSSUCXS [0001,0044]
1069000000 IIUII3XSLI2SRX [0088]
1070000000 IIUII3U3XLSRIS [0001,0007]
1071000000 IIUII3L12R1ISR [0004,0008,0002,0022]
1072000000 IIUII23SSI1XR1 [0002,0001]
1073000000 IIUII22L2U33SI [0008,0004,0005,0001]
1074000000 IIUII2SSLSUIXU [00a9]
1075000000 IIUII2RSXUSLCX [0008]
1076000000 IIUII2LI24LSSR [0001,0002,0032]
1077000000 IIUIIS21UI22LX [0004,0001,0001]
1078000000 IIUIISU21LI1S2 [0001,0023,0004]
1079000000 IIUIIX2IUSLCXX [0004,0001]
1080000000 IIUIIXI2SRSLCC [0001,000c,0001]
1081000000 IIUIIR3LI3L33S [0004,0001,0008,000a]
1082000000 IIUIIR2I34XSSC [0002,0004,0011]
1083000000 IIUIIR1IL42U1U [0004,0002,0008,0004,0004]
1084000000 IIUIIRI3U44SXX [0002,0001]
1085000000 IIUIIU3X22I21S [0004,0001,0005]
1086000000 IIUIIU2RI23U41 [0008,0001,0004,0001,0004]
1087000000 IIUIIU1IX3S22L [0011,0004,0002]
1088000000 IIUIIUI4R43XS [0001,0001,0006]
1089000000 IIUIIL32L1IU4L [0008,0008,0001,0004,0002]
1090000000 IIUIIL22IX2LXU [0001,0004,0004]
1091000000 IIUIIL1SSLIUS1 [004e,0001]
1092000000 IIUIILSLSLC1RI [0001,0022,0008,0001]
1093000000 IIUIILI1L32U3X [0001,0004,0004,0004]
1094000000 IIUIII34U2L2S3 [0001,0004,000c,0001]
1095000000 IIUIIIXSSLCLSC [0001,0088,0001]
1096000000 IIUIIIU3L1S2UC [0001,0001,0006,0004]
1097000000 IIUIIILX2L3XLX [0001,0001]
1098000000 IIL1SI1LSUCILC [0004,0003,0008]
1099000000 IIL1SIISLIRSSC [0888,0021]
1100000000 IIL1XIRILI31L1 [0002,0008,0008,0008]
1101000000 IIL1R1I22XIS1X [0003]
1102000000 IIL1RSIIR1L1XS [008a]
1103000000 IIL1RI1SI12RIR [0001,0003,0001,0002]
1104000000 IIL1RIRI33RIX2 [0002,0008,0004,0001]
1105000000 IIL1RILIXR2SLI [0002,000c,0001]
1106000000 IIL1RIIIXRXL2U [0002,0008,0002]
1107000000 IIL1U1IL2USRSR [0007]
1108000000 IIL1UI2SCU1IC [0004,0004,0008,0001]
1109000000 IIL1UISSIXIL [000d,0008]
1110000000 IIL1UIUI3X2IUS [0004,0001,0044]
1111000000 IIL1UIIX1UIL31 [0001,0001,0008,0008]
1112000000 IIL1LXIUIS1RXL [000a]
1113000000 IIL1LI1I1S1IR2 [0008,0001,0002,0009]
1114000000 IIL1LIU2UI2IXU [0008,0002,0001,0001]
1115000000 IIL1LIISIU33XL [0011,0004,0004]
1116000000 IIL1I21SR1UIIR [0003,0004,0001,0002]
1117000000 IIL1I2U2XSUIIS [000c,0011]
1118000000 IIL1I2I2RISL3X [0008,0001,0009]
1119000000 IIL1ISXIRSLC1S [0005]
1120000000 IIL1IXRI1I3USX [0001,0002]
1121000000 IIL1IR2IS1UXC1 [0001,0001,0008]
1122000000 IIL1IRXIRIS22S [0003,0009]
1123000000 IIL1IRII4U3X3U [0001,0001,0002,0004]
1124000000 IIL1IU1UIL1IR4 [0004,0008,0004,0002,0008]
1125000000 IIL1IUI2LX1SSU [0007]
1126000000 IIL1IL2U2L1IX2 [0008,0002,0008]
1127000000 IIL1ILSIUS1IRC [000d,0008,0002]
1128000000 IIL1ILIUIXRS1R [0008,0088,0002]
1129000000 IIL1II3I3L2X3L [0001,0001,0008,0008]
1130000000 IIL1IIR2UX2RI [0001,0002,0001,0001]
1131000000 IIL1IIUSL2XCXU [0001,0002]
1132000000 IIL1IILILX1S2X [0001,0009]
1133000000 IILSRIUSLCLXI1 [0001,0008]
1134000000 IILSUCUIR2XU1 [0008,0008]
1135000000 IILSUI1CLSSCU1 [0044,0004]
1136000000 IILSUIIXIRS1R1 [000c,0003]
1137000000 IILSLII2U2I33L [0001,0001,0001,0009]
1138000000 IILSCRI1I2SUX [0008,0002]
1139000000 IILSCUISILIX1X [0008,0008]
1140000000 IILSCLIIX1X1XR [0002]
1141000000 IILSCIR21R2RI [0008,0004,0002,0001]
1142000000 IILSCIL1UI1XUC [0008,0008,0004]
1143000000 IILSCIIIRSL22X [0008,0009,0001]
1144000000 IILSI1CLIXRIL2 [0001,0001,0008,0008]
1145000000 IILSISIL1ISCR2 [0008,0222,0008]
1146000000 IILSIRI12C2XI3 [0008,0001,0001,0001]
1147000000 IILSIUI1UIXLS [0009,0009]
1148000000 IILSILIXIL2C21 [0008,0008,0008,0001]
1149000000 IILSIIXUI2CLXU [0004,0001,0002]
1150000000 IILSIILILS1U2 [0088,0004,0009]
1151000000 IILXRIIL1USXIC [0002,0001]
1152000000 IILXLISIR1CRX [0002,0008]
1153000000 IILXIRI2SSISL [0889]
1154000000 IILXILSI1CUXLC [0001,0004]
1155000000 IILXIILI2SL2XX [0008]
1156000000 IILI22UIR2S1XI [0001,0003,0001]
1157000000 IILI22IR3SRXI2 [0008,0001,0001]
1158000000 IILI2SLI2RXISU [0088,0044]
1159000000 IILI2XISI1RSS [002b]
1160000000 IILI2R1RII4RX [0002,0002,0001,0001]
1161000000 IILI2RI2LIRSSL [0008,0002,000d]
1162000000 IILI2U2XUIL1U2 [0008,0004,0001]
1163000000 IILI2USRI2U2XX [0001]
1164000000 IILI2UIR23IXLX [0004,0002,0001]
1165000000 IILI2L1XILXUIC [0008,0002,0001]
1166000000 IILI2LI2SIS2SL [0008,088c]
1167000000 IILI2I32R3ILS2 [0001,0002,0009,0008]
1168000000 IILI2ISL1RI33U [0002,0001,0008,0022]
1169000000 IILI2IRI3LSL1 [0008,0001,000c,0002]
1170000000 IILI2IL3I3L1L [0001,0008,0008,0008,0008]
1171000000 IILI2IIU2L31SX [0008,0001,0004]
1172000000 IILI1SI2UX1U1R [0006,0002]
1173000000 IILI1RS1LIUXIX [0011,0008]
1174000000 IILI1U2U2RIXIR [0002,0004,0002,0002]
1175000000 IILI1UXSLIISR [0088,0022]
1176000000 IILI1UII3SS2RS [0002,0113]
1177000000 IILI1L1IX2SXUC [0001]
1178000000 IILI1LIXL1USCS [0001,0006]
1179000000 IILI1I3U2U2U1 [0001,0004,0004,0002]
1180000000 IILI1I2LI3S22U [0001,0009,0001,0002]
1181000000 IILI1ISLSIR2RC [000d,0002,0002]
1182000000 IILI1IRXI2US22 [0005,0001,0008]
1183000000 IILI1IL3SI1R2U [0001,0001,0003,0002]
1184000000 IILI1IIR24R24 [0001,0008,0002,0002,0001]
1185000000 IILIS1I2RSRSIS [0073]
1186000000 IILISR1ILXLISX [0003]
1187000000 IILISUCXIUSI2U [0044,0001,0004]
1188000000 IILISL1IU1US1X [0044]
1189000000 IILISI1U1XCLSC [0001,0004,0001]
1190000000 IILISIRILS1XSC [0008,0003]
1191000000 IILISIIL1U12CR [0001,0004,0008,0008,0002]
1192000000 IILIXXUIUSI11 [0044,0001]
1193000000 IILIXLXRIIU2XS [0005]
1194000000 IILIXIR1LI2SXU [0001,0001]
1195000000 IILIR22I31ISX [0001,0008,0002]
1196000000 IILIR2XIUSLI22 [0001,0008,0003]
1197000000 IILIR2L1IL3XIU [0008,0002,0008,0004]
1198000000 IILIR2IUILS3 [0002,0001,000c,0008]
1199000000 IILIR1XUSI1XUI [0004,0001]
1200000000 IILIR1LSCIU1XS [0001,0044]
1201000000 IILIR1IU21XIR2 [0001,0002,0002,0008]
1202000000 IILIRSLCR22UXI [0002,0001,0001]
1203000000 IILIRXL1RIRIR3 [0002,0002,0002,0004]
1204000000 IILIRI3UIS2R3X [0001,0005,0004]
1205000000 IILIRI2L22UI2C [0001,0004,0004,0001,0002]
1206000000 IILIRI1I3U4XRX [0001,0002,0001]
1207000000 IILIRIR3XISL2S [0002,0089]
1208000000 IILIRIU1I2SS1L [0001,0007,0004]
1209000000 IILIRILI3R3U2S [0001,0008,0001,0009]
1210000000 IILIU22SIU1LXL [0004,0002]
1211000000 IILIU2SI2XXL [000a]
1212000000 IILIU2UIRXSR1U [0088,0002]
1213000000 IILIU2IR13L33 [0001,0004,0004,0002]
1214000000 IILIU1SUIISLSL [0001,004d]
1215000000 IILIU1UIR3UXLC [0004,0002,0001]
1216000000 IILIU1IXUIR3RC [0004,0002,0002,0002]
1217000000 IILIUSUI2UXI22 [0001,0003,0001]
1218000000 IILIUXUSIIXL1R [0008,0006]
1219000000 IILIUI3U2R32U [0001,0008,0008,0001]
1220000000 IILIUI2U1I3L43 [0002,0001,0002,0001,0001]
1221000000 IILIUI1LXRSSLC [000c,0001]
1222000000 IILIUIR32S2I1U [0002,0005,0001,0002]
1223000000 IILIUIU2S2RSIU [0004,000e,0004]
1224000000 IILIUILI4LS31C [0004,0008,0008,0008,0001]
1225000000 IILIL22SIR22R2 [0008,0003,0002]
1226000000 IILIL2SLIUI22 [0008,0001,000c,0004]
1227000000 IILIL2UI1IR14 [0008,0001,0002,0004,0008]
1228000000 IILIL2IUSXSISU [0026]
1229000000 IILILSIXLSRI1X [0001]
1230000000 IILILI33SL1R11 [0008,000c,0002]
1231000000 IILILI22L3SI2C [0001,0005,0001,0008]
1232000000 IILILI1X2SLISL [0008,004c]
1233000000 IILILISIXR1SSU [00e4]
1234000000 IILILIRIS3LS2L [0008,000b,0004]
1235000000 IILILILS1I13S1 [0088,0009,0001]
1236000000 IILILIIL2R4L2S [0008,0001,0001,0088]
1237000000 IILII3X2L1I3L [0004,0001,0001,0008]
1238000000 IILII3U32U1I4 [0004,0004,0008,0001,0001]
1239000000 IILII3L2I2LS3R [0001,0001,0005,0001]
1240000000 IILII23S22XISR [0009,0022]
1241000000 IILII22UI44XXC [0008,0004,0001]
1242000000 IILII2S1UIR32X [0009,0002,0001]
1243000000 IILII2U2USLI12 [0001,0001,0003,0001]
1244000000 IILII2LXIXRXUX [0001]
1245000000 IILIIS22UIUXLS [0011,0011]
1246000000 IILIISU21SLIXR [0008,0045]
1247000000 IILIIX2IU2L1LC [0008,0001,0008,0002]
1248000000 IILIIXI2U23U33 [0001,0004,0001,0002]
1249000000 IILIIR3LISXRS1 [0005,0008]
1250000000 IILIIR2I3R2R41 [0002,0001,0002,0001,0001]
1251000000 IILIIR1IL2UXSU [0001,0008,0006]
1252000000 IILIIRI3UX2XSL [0001,0009]
1253000000 IILIIU31I32L1C [0008,0001,0001,0002,0001]
1254000000 IILIIU2S2SSIUC [00d1,0004]
1255000000 IILIIU1XISR1XU [0001,000a]
1256000000 IILIIUSCLI4L4 [0004,0008,0001,0008,0008]
1257000000 IILIIUIXR1SXSL [000c]
1258000000 IILIIL3LS1LX1L [0088,0004]
1259000000 IILIIL13SIX1RC [0008,0011,0001]
1260000000 IILIILSUXI1RXC [0001,0001]
1261000000 IILIILI1UXR3RX [0008,0001,0002]
1262000000 IILIII34US23L2 [0001,0001,0008,000c]
1263000000 IILIIIXSR1LXXU [0004]
1264000000 IILIIIU3U12L4L [0001,0002,0004,0008,0008]
1265000000 IILIIILX2L2SLX [0001,0001]
1266000000 IIIS1U1II22UXR [0004,0001,0022]
1267000000 IIIS1LIUXRIRXS [0111]
1268000000 IIIS1IL22SSUI [0446,0001]
1269000000 IIISXIR1 [0002,0001]
1270000000 IIISRSI1RIXU1R [0019,0002]
1271000000 IIISRIRI1RXSSL [0198]
1272000000 IIISU1RIISL2UX [0002,0088]
1273000000 IIISUXRILSLC [0004,0001]
1274000000 IIISUIRIU3US1X [0044,0044]
1275000000 IIISL1UI12U1I3 [0022,0004,0001,0001]
1276000000 IIISLI2RXLSI [0888,0001]
1277000000 IIISLIUIR2R3 [0004,0002,0011,0001]
1278000000 IIISI2RI3S2XU1 [0444,0002]
1279000000 IIISI1RI22R2 [0001,0001,0044,0001]
1280000000 IIISISILSUCXSL [022a]
1281000000 IIISIRI33S1LSC [0002,0008,0111]
1282000000 IIISIUSRISUSCX [008c]
1283000000 IIISIL1U1I1U2S [0001,0001,0046]
1284000000 IIISII2R2U2R2S [0001,0004,0222]
1285000000 IIIXSLIIR2S1R [008a,0002]
1286000000 IIIXR1IRISLXL1 [0008,0002]
1287000000 IIIXRIXI1SRC21 [0004,0001,0002]
1288000000 IIIXU1RIRXXIUC [0004,0004]
1289000000 IIIXUI2R1RXUXL [0002]
1290000000 IIIXUILSLCL [0001,0004,0001]
1291000000 IIIXLSUCIIUS22 [0005,0004,0002]
1292000000 IIIXLIR2IU2U3S [0001,0004,0088]
1293000000 IIIXIXU1SLCRI1 [0008,0001,0004]
1294000000 IIIXIU22SXI1C [0001,0004]
1295000000 IIIXIL22IL1X1C [0008,0008,0001]
1296000000 IIIXIIR32LSL2 [0002,000c,0001]
1297000000 IIIR22R1IUX1UC [0002,0001,0008]
1298000000 IIIR22LI3RI2SS [0001,0008,0015]
1299000000 IIIR2S1I22IC [0001,0003,0001,0001]
1300000000 IIIR2SIUIL1US1 [0001,0009,0003]
1301000000 IIIR2R21LILSI3 [0001,0009,0001,0002]
1302000000 IIIR2RI2R1IXU2 [0001,0004,0004,0002]
1303000000 IIIR2U2SLIR2IS [000a,0002,0003]
1304000000 IIIR2USXLIIXUC [0008,0004]
1305000000 IIIR2UIXU22I3X [0001,0002,0001]
1306000000 IIIR2L2I2U3U3U [0001,0002,0008,0004]
1307000000 IIIR2LXR1L1UI1 [0008,0001,0001]
1308000000 IIIR2LIL3U1U12 [0002,0002,0004,0008]
1309000000 IIIR2I23I2LXR2 [0001,0001,0002,0001]
1310000000 IIIR2ISUI12SU1 [0001,0019,0001]
1311000000 IIIR2IRI31U43L [0001,0002,0004,0001,0001]
1312000000 IIIR2IL3XI3RX2 [0008,0001,0001]
1313000000 IIIR2IIXSL21X [0002,0001]
1314000000 IIIR12RISRC3R3 [0004,0002,0004,0001]
1315000000 IIIR12LIIRSXU1 [0002,0002,0001]
1316000000 IIIR1SR1I2U2IL [0001,0009,0001,0008]
1317000000 IIIR1X1UI1RSXI [0002,0001]
1318000000 IIIR1R2U12IL [0004,0002,0002,0008]
1319000000 IIIR1RI1U3R1S [0002,0001,000a]
1320000000 IIIR1U2UI23XRS [0004,0009]
1321000000 IIIR1USCISSXR [0002]
1322000000 IIIR1UIU32UIL [0002,0004,0001,0001,0008]
1323000000 IIIR1L12L2XILX [0002,0008]
1324000000 IIIR1LI3SU2L11 [0008,0044,0001]
1325000000 IIIR1LIISL12L2 [0001,0008,0001,0088]
1326000000 IIIR1I21RX1LIR [0001,0002,0008,0002]
1327000000 IIIR1IX2UXU1LX [0004]
1328000000 IIIR1IU32UILSX [0002,0004,0001]
1329000000 IIIR1IL2XUSU1 [000c,0001]
1330000000 IIIR1IIU33XS1X [0001,0006]
1331000000 IIIRS1IIR22XSS [0033]
1332000000 IIIRSRCUIIS3LX [0004,0008,0011]
1333000000 IIIRSUXUIILSCR [0004,0008,0002]
1334000000 IIIRSLCL21IR2X [0008,0008,0002]
1335000000 IIIRSI1XLSCIXC [0008,0001]
1336000000 IIIRSIUILSRXXC [0001]
1337000000 IIIRXRI2IUSL1U [0002,000a,0004]
1338000000 IIIRXLXILSI1 [0001,0009]
1339000000 IIIRXILIL2S22U [0009,0001,0002]
1340000000 IIIRI32U2UXRX1 [0001,0001]
1341000000 IIIRI3R3R2ISL2 [0002,0002,0088,0002]
1342000000 IIIRI3U1XI3R3X [0004,0001,0002]
1343000000 IIIRI3LX1XL1I [0008,0001,0001]
1344000000 IIIRI23R2U3SIU [0001,0002,0006,0004]
1345000000 IIIRI2S2L2XUIX [0011,0002]
1346000000 IIIRI2R1I34S32 [0001,0003,0002,0001]
1347000000 IIIRI2UI2S3XS [0002,0015]
1348000000 IIIRI2I34L31X2 [0001,0002,0001,0001]
1349000000 IIIRI1XR1SIUXS [0031]
1350000000 IIIRI1U22XLIRC [0001,0008,0008,0002]
1351000000 IIIRI1I2XR2LX1 [0001,0002,0002]
1352000000 IIIRIS1U2XXC [0003]
1353000000 IIIRISL2SC1XXC [0001]
1354000000 IIIRIX12RXIR2X [0001,0002]
1355000000 IIIRIXIR3U1L3X [0002,0004,0001]
1356000000 IIIRIR3IRSL3SU [0002,0002,0046]
1357000000 IIIRIRS2RI3UXS [0022,0003]
1358000000 IIIRIRI1S2U31C [0002,0003,0001,0004]
1359000000 IIIRIU3R2SSIU2 [0026,0004,0001]
1360000000 IIIRIU2R1S2XRX [0002]
1361000000 IIIRIU1USUSSIL [0311,0008]
1362000000 IIIRIUX1IR23U3 [0002,0002,0004,0001]
1363000000 IIIRIUIUX1SL11 [0001,0001,0003]
1364000000 IIIRIL3I3U23L1 [0001,0001,0008,0004,0001]
1365000000 IIIRIL2I2SL2X [0001,0001,000c]
1366000000 IIIRILS2LXSC1L [0003,0004]
1367000000 IIIRILI3R24S1L [0002,0001,0009,0001]
1368000000 IIIRII4R4S2UXL [0002,0001,0009]
1369000000 IIIRII23U3X1RC [0001,0001,0004,0004]
1370000000 IIIRIIXRS1XR1R [0044,0002]
1371000000 IIIRIIU2R43SL1 [0001,0004,0088,0004]
1372000000 IIIU22S1LXLISR [0013]
1373000000 IIIU22UXIR2IUX [0001,0002,0004]
1374000000 IIIU22IRXUXLSI [000c,0001]
1375000000 IIIU2SLSIUILSU [000b,0003]
1376000000 IIIU2XUXLIIR2U [0001,0002,0002]
1377000000 IIIU2R2IL3X1LX [0002,0008]
1378000000 IIIU2RI3S2U1IR [0002,0001,0011,0002]
1379000000 IIIU2RIIS2X2XS [0013]
1380000000 IIIU2UI32S2SC2 [0044,0001,0001]
1381000000 IIIU2UIIL3U3L3 [0001,0008,0001,0002,0001]
1382000000 IIIU2L1I1RSL2S [0008,000d]
1383000000 IIIU2LISSC1RXL [0001,0008]
1384000000 IIIU2I3U2R12U3 [0002,0004,0004,0004]
1385000000 IIIU2I2LI3LX3L [0001,0002,0001,0008]
1386000000 IIIU2IR3IL12U4 [0001,0008,0001,0008,0004]
1387000000 IIIU2IU1ISXXUC [0001,0001]
1388000000 IIIU2ILI3XUXUX [0001,0001]
1389000000 IIIU12XRSUIIU [0009,0001,0004]
1390000000 IIIU12L2U2IUIU [0008,0001,0001,0004,0004]
1391000000 IIIU12ILS1XC2R [0008,0001,0008]
1392000000 IIIU1SI2U2I12 [0001,0001,0005,0004]
1393000000 IIIU1XI1I1S2 [0001,0005,0001]
1394000000 IIIU1R1RSIUI2R [0001,0004,0001,0005]
1395000000 IIIU1RI2UIL3L4 [0001,0001,0008,0001,0001]
1396000000 IIIU1U2S1IXLXR [000a]
1397000000 IIIU1UI2L2U3S1 [0001,0011,0002]
1398000000 IIIU1L2XI2L2UC [0001,0002,0002]
1399000000 IIIU1LSUI1XXLI [0008,0001]
1400000000 IIIU1LIRXI3L2U [0004,0001,0008,0002]
1401000000 IIIU1I3I4R43R [0001,0001,0008,0001,0002]
1402000000 IIIU1IS12R2IU1 [0004,0002,0004,0011]
1403000000 IIIU1IR1XI2SCU [0001,0002,0004,0004]
1404000000 IIIU1IUI2UXR3S [0004,0004,0003]
1405000000 IIIU1II33U3S2 [0001,0004,0005,0001]
1406000000 IIIUS1UISSCUXL [0022]
1407000000 IIIUSSI1RCR1XC [0001,0044]
1408000000 IIIUSRCI2ISS12 [0091,0002,0001]
1409000000 IIIUSLC2UIS21C [0002,0008,0004,0001]
1410000000 IIIUSC2S1I2LXC [0004,0001]
1411000000 IIIUSCRIIX3SR [0004,0002,0022]
1412000000 IIIUSCI2L33L12 [0001,0008,0001,0002]
1413000000 IIIUSI2IR1SUSS [00d5]
1414000000 IIIUSIR1IX2R1U [0002,0002,0005]
1415000000 IIIUSIIR3X2LXU [0001,0008]
1416000000 IIIUXUSCRSIR1C [0002,0004,0002]
1417000000 IIIUXIR2SL1U1U [0004,0006]
1418000000 IIIUI33U3ILSL [0001,0001,0004,0006]
1419000000 IIIUI3SXXUIR11 [0004,0002]
1420000000 IIIUI3RS2LI1XR [0004,0003,0002]
1421000000 IIIUI3L33U23SX [0001,0001]
1422000000 IIIUI3IS2U2X2L [0011,0001,0008]
1423000000 IIIUI23IL3SUSR [0004,0001,000e]
1424000000 IIIUI2X1IU3S2 [0004,0005,0001]
1425000000 IIIUI2U32UX1IU [0004,0001,0004,0004]
1426000000 IIIUI2L2IR13S1 [0001,0008,0005,0002]
1427000000 IIIUI2IUX2LXX [0001,0001]
1428000000 IIIUI1R2ISUSSS [04d1]
1429000000 IIIUI1L1LX2C [0001,0002,0001]
1430000000 IIIUI1IUXXRXU1 [0004,0001]
1431000000 IIIUISSC1X1UXC [0011]
1432000000 IIIUISLIL3S12R [0009,000a,0002]
1433000000 IIIUIXSLCL1R [0001,0001,0001]
1434000000 IIIUIR32U3L2XR [0002,0001,0001]
1435000000 IIIUIR22UIU3RX [0001,0001,0001,0004]
1436000000 IIIUIR12L1L1LC [0001,0002,0002,0004]
1437000000 IIIUIRSL2I3R [0003,0001,0001,0002]
1438000000 IIIUIRIX2UXU2X [0004,0008]
1439000000 IIIUIU3UI13L31 [0001,0001,0004,0004,0002]
1440000000 IIIUIU2L1U1U1S [0001,0004,0003]
1441000000 IIIUIUI32SR3SL [0004,0001,000d]
1442000000 IIIUIL31USIU33 [0003,0004,0001,0004]
1443000000 IIIUIL21LS1I3X [0005,0004,0001]
1444000000 IIIUIL1X2IS2C [0008,0011,0001]
1445000000 IIIUILX2U2LSSI [00c4,0001]
1446000000 IIIUILIRX3R1XX [0001,0004]
1447000000 IIIUII3XR32L1 [0004,0002,0008,0001]
1448000000 IIIUIIS3R13USR [0004,0002,002a]
1449000000 IIIUIIR1SSR1RS [0001,002e]
1450000000 IIIUIIL3XLS12 [0005,0004,0001]
1451000000 IIIL22RSRI22XU [0001,0002]
1452000000 IIIL22LISLS1UX [000d]
1453000000 IIIL2S1IR1LI3 [0002,0008,0001,0009]
1454000000 IIIL2SIL2I22C [0009,0001,0008,0001]
1455000000 IIIL2R21RSIIX2 [0005,0001,0008]
1456000000 IIIL2R1II3X2XX [0001,0001]
1457000000 IIIL2RIXUIU32R [0008,0004,0001,0001]
1458000000 IIIL2U2I2L33XR [0001,0002,0001]
1459000000 IIIL2UXIUIR2S [0001,0004,000a]
1460000000 IIIL2UII34SSXX [0004]
1461000000 IIIL2LXIRIL1U3 [0008,0008,0008,0001]
1462000000 IIIL2LIIX3L1SU [0008,0008,0006]
1463000000 IIIL2I21R1ISU3 [0001,0002,0006,0001]
1464000000 IIIL2IX2RSLCI2 [0008,0001,0001,0008]
1465000000 IIIL2IRIXX22L2 [0001,0004,0001]
1466000000 IIIL2IL23RXXSU [0006]
1467000000 IIIL2IIU4R32SC [0008,0001,0002,0004,0001]
1468000000 IIIL12U22I3I2X [0008,0001,0004,0001]
1469000000 IIIL12IS2US1UI [0013,0004,0001]
1470000000 IIIL1SRILSCRCS [0001,0008,0006]
1471000000 IIIL1XSRIUSI1X [0001]
1472000000 IIIL1R2UISILXS [0008,0007]
1473000000 IIIL1RSIILSCU3 [000a,0008,0004,0001]
1474000000 IIIL1RIUISXRSR [0001,0009]
1475000000 IIIL1U1XLI1IXL [0001,0001,0001]
1476000000 IIIL1UI2R23UX [0001,0001,0004]
1477000000 IIIL1L21IS2USC [0001,0008,0003]
1478000000 IIIL1LI2U21IXU [0001,0001,0008,0008]
1479000000 IIIL1I3XR2SISS [00b1]
1480000000 IIIL1I2U3USSUS [00d1]
1481000000 IIIL1IXIX2XLC [0008,0008]
1482000000 IIIL1IU22L31C [0004,0008,0001,0008]
1483000000 IIIL1ILS21SIL2 [0091,0008,0008]
1484000000 IIILS1SCISIR1R [0008,0002,0222]
1485000000 IIILS1IIR23R12 [0001,0003,0001,0002]
1486000000 IIILSRIUSCLI1S [0001,0004,0091]
1487000000 IIILSUCIUIX3SS [0004,0007]
1488000000 IIILSLIR12IU2C [0002,0001,0004,000c]
1489000000 IIILSCRXRXRILI [0002,0008,0001]
1490000000 IIILSCI3SI3RXU [0001,0011,0004]
1491000000 IIILSI2R2XLIR1 [0001,0002,0001]
1492000000 IIILSIR22SCR12 [0022,0008,0002]
1493000000 IIILSILILXRS1L [0019,0008]
1494000000 IIILXRII3R1RX1 [0002,0002,0001]
1495000000 IIILXLIUXIX1L1 [0008,0008]
1496000000 IIILI33SIR3L2S [0001,0002,0015]
1497000000 IIILI32IR31R4R [0001,0008,0001,0004,0002]
1498000000 IIILI3R2L2R3X1 [0002,0002,0004]
1499000000 IIILI3USR2XCL1 [0008,0001,0008]
1500000000 IIILI3I4S3XXS [0011]
1501000000 IIILI23UIUX1UC [0008,0001,0004,0004]
1502000000 IIILI2SL21S1U1 [0002,0089]
1503000000 IIILI2RXRS1LXR [0005]
1504000000 IIILI2L31RIS3U [0001,0001,0011,0002]
1505000000 IIILI2IR42RX1R [0008,0001,0001,0004]
1506000000 IIILI1RSI2L3SX [0011,0001]
1507000000 IIILI1L2R1U22 [0001,0001,0001,0002]
1508000000 IIILI1IXU23UXX [0001,0002]
1509000000 IIILIS1LIR1UXL [0001,0009,0001]
1510000000 IIILISL2L2IR1U [000c,0008,0002,0004]
1511000000 IIILIX1U2RI33R [0002,0001,0008,0008]
1512000000 IIILIXIL3LS2U1 [0008,0004,0088]
1513000000 IIILIR3IL2R2 [0001,0008,0008,0004,0001]
1514000000 IIILIR2ILXRXU1 [0001,0008,0008]
1515000000 IIILIRSSSLC1IR [0001,00c8,0002]
1516000000 IIILIRI1SU12U1 [0001,000c,0004,0008]
1517000000 IIILIU3R32XSRI [0008,0006,0001]
1518000000 IIILIU2R3I3SC1 [0008,0002,0001,0001,0004]
1519000000 IIILIU1U1SXUSR [000a]
1520000000 IIILIUXI2U2SUX [0001,0001]
1521000000 IIILIL33R2XU2 [0001,0008,0008]
1522000000 IIILIL23IUSRX [0008,0008,0001]
1523000000 IIILILSR1RSUXU [0004]
1524000000 IIILILISU33XL1 [0008,0008,0006]
1525000000 IIILII33S1SXUX [0001]
1526000000 IIILII2U1L1L2 [0001,0001,0008,0001,0001]
1527000000 IIILIIR22SXUXS [0011]
1528000000 IIILIIUXU1S2U2 [000c,0004,0001]
1529000000 IIIIS2R12R2IS [0011,0002,0003]
1530000000 IIIIS12U1L12I3 [0004,0011,0001,0008]
1531000000 IIIIS1I23XSR1S [0223]
1532000000 IIIISR1UI3U31R [0004,0001,0022,0008]
1533000000 IIIISU1U1R2UIX [0004,0088,0004]
1534000000 IIIISL1SR1UIL [0013,0004,0008]
1535000000 IIIISI22LXSRXC [0001]
1536000000 IIIISILSSUSRCL [08c8,0001]
1537000000 IIIIXRXUI22L2S [0001,0003]
1538000000 IIIIXUI3XS1X [0005]
1539000000 IIIIXLI2R2S2RX [0001,000a]
1540000000 IIIIR33RSSI11 [0001,0032,0001]
1541000000 IIIIR32IR2USR [0001,0002,0001,000c]
1542000000 IIIIR3R2RXU2SI [0002,0009,0001]
1543000000 IIIIR3UI4LX13L [0002,0001,0004,0008]
1544000000 IIIIR3I4U13SLS [0001,0001,000d]
1545000000 IIIIR23U1UXLS [0001,0022]
1546000000 IIIIR2S1S1IR11 [0013,0001,0002]
1547000000 IIIIR2RSUI32X2 [0001,0001,0001]
1548000000 IIIIR2UIU2USXX [0001,0001]
1549000000 IIIIR2I3L23LSX [0001,0001,0008]
1550000000 IIIIR13L2IU4SR [0001,0008,0002,000a]
1551000000 IIIIR1SRSU1UIX [000d,0004]
1552000000 IIIIR1RI3R2SUC [0001,0002,0001,0088]
1553000000 IIIIR1L3R13S2U [0002,0009,0008]
1554000000 IIIIR1I2LS2LXX [0001,0001]
1555000000 IIIIRS1LI1U2RX [0001,0001,0002]
1556000000 IIIIRSL1RIXXLC [0001,000c]
1557000000 IIIIRXU1R2UIS1 [0004,0005,0002]
1558000000 IIIIRI4USL21XU [0001,0002,0004]
1559000000 IIIIRI2S32RXLX [0001,0011]
1560000000 IIIIRISRC4SX2S [0001,0005]
1561000000 IIIIRIU34S3USL [0002,0004,008a]
1562000000 IIIIRIL1U4XU3S [0001,0008,0003]
1563000000 IIIIU32R1UXLSS [0051]
1564000000 IIIIU3XR22SIXS [0019]
1565000000 IIIIU3U3XL1SC [0001,0004,0002]
1566000000 IIIIU3LS1LIXSS [008d]
1567000000 IIIIU3IL1U3R34 [0008,0004,0002,0004,0001]
1568000000 IIIIU22USCR2X [0001,0004,0002]
1569000000 IIIIU2XIRXS1LC [0005,0008]
1570000000 IIIIU2U2SXUIS1 [0011,0001]
1571000000 IIIIU2LI4U33US [0001,0001,0004,0006]
1572000000 IIIIU13XR22U2I [0001,0001,0002,0001]
1573000000 IIIIU12LX2UXUI [0004,0004,0001]
1574000000 IIIIU1R3L3R1LC [0004,0002,0002,0004]
1575000000 IIIIU1USU22I3U [0001,0001,0001,0044]
1576000000 IIIIU1LIL21SXU [0001,0001,0002]
1577000000 IIIIUS2UI2SLCX [0001,0004,0088]
1578000000 IIIIUSRC23R1U [0008,0002,0002,0004]
1579000000 IIIIUSCR2SLC2L [0001,0008,0001,0002]
1580000000 IIIIUXR2I3L32 [0001,0008,0002,0001]
1581000000 IIIIUI4XS1XRXU [0004]
1582000000 IIIIUI3LX2XSC [0001,0004,0001]
1583000000 IIIIUIS3SL1U1 [0001,0004,008a]
1584000000 IIIIUIR2L2R43X [0001,0008,0008,0001]
1585000000 IIIIUIL3LXS2U [0001,000c,0004]
1586000000 IIIIL32S2SU1C [0444,0008]
1587000000 IIIIL3SI2R3L2R [0009,0002,0008,0002]
1588000000 IIIIL3RI3SL1SR [0001,0008,0015]
1589000000 IIIIL3L3U2XXXU [0004]
1590000000 IIIIL3IRS32RSU [0001,0003,0044]
1591000000 IIIIL22R33SRSI [0001,0032,0001]
1592000000 IIIIL2X1XIU2 [0008,0004,0001]
1593000000 IIIIL2U33SSUSI [004d,0001]
1594000000 IIIIL2L2R3ISXX [0008,0008]
1595000000 IIIIL2IUXSUS [0001,0007]
1596000000 IIIIL12U32X1IX [0008,0001,0004]
1597000000 IIIIL1XL22XI2X [0001,0001]
1598000000 IIIIL1U3LX1R1I [0001,0001,0004,0001]
1599000000 IIIIL1LSI2U2R3 [0001,0004,0011,0001]
1600000000 IIIILS22U2CR3X [0004,0008,0002]
1601000000 IIIILSR2I33SX [0001,0001]
1602000000 IIIILSC2S12I2L [0011,0001,0001,0004]
1603000000 IIIILSIUSUC2SX [0001,0004]
1604000000 IIIILI43XU1S2C [0008,0005,0001]
1605000000 IIIILI3RXU33XS [0008,0005]
1606000000 IIIILI1U42L4R4 [0002,0001,0008,0002,0001]
1607000000 IIIILIR32LX3L [0001,0002,0001,0008]
1608000000 IIIILIUSSL22XU [000e,0004]
1609000000 IIIIIS2L31SUXX [0001]
1610000000 IIIIIXXL2R2LSX [0008]
1611000000 IIIIIR4U33SR2S [0001,0004,0222]
1612000000 IIIIIR23USL2X1 [0001,000a,0002]
1613000000 IIIIIR1U34XLC [0001,0002,0004,0008]
1614000000 IIIIIU4SL13SSC [0001,0008,0013]
1615000000 IIIIIU3L1LS3XS [0001,000b]
1616000000 IIIIIU1X3R3R2L [0001,0002,0002,0002]
1617000000 IIIIIL44XLSR1X [0001,0011]
1618000000 IIIIIL3XL3LX2 [0001,0004,0001]
1619000000 IIIIIL14R32L1C [0001,0008,0002,0008,0001]
1620000000 IIIIILSL13R3SC [000c,0001,0003]
Unique shapes
0001 ["IO","ILO","IUO","IRO"]
0003 ["IRISO","ILISO","IRISUO","IRISRO"]
0005 ["IUISO","IRILSO"]
0007 ["IRISILSO","IRISRISO","IRISUISO","IRISRISRO"]
000f ["IRISRISRISO"]
0011 ["IISO","IISLO","IISUO","IISRO"]
0012 ["IRISRIUISSCO","IIUISSLISCO","IIUISSLISCLO","IUISILISSCXO","IIUISSLISCRO","IRISRIUISSCLO","ILISIUISSCXO","IRISRIUISSCRO"]
0013 ["IRISISRO","IUIISLSO","ILISISO","IRISISO","IRIISUSO","IISRISO","IISLISO","IRISISUO"]
0015 ["IUISISO","IRIISLSO","IISUISO","IUISISRO"]
0016 ["ILISIUISSC1ISO","IRISRIUISSCIUSO","IIUISSLISCRISO","IIUISSLISCILSO","ILISIUISSC1ISLO","ILISIUISSC1ISRO","IRIUISILISSCXSO","IIUISSLISCRISUO"]
0017 ["IRISRISISO","IRISUISISO","IUISISRISO","IRISIISLSO","IRISRIISLSO","IRISIISUSO","IRISISUISO","IRISRISISRO"]
001a ["IIUISSLISCIUSO","IRISRIUISSCILSO","IUISILISSC1ISO","IRILISIUISSCXSO"]
001b ["IRISISILSO","IUISIISLSO","IRISISRISRO","IRISISRISO"]
001f ["IRISRISRISISO","IRISRISISRISO","IRISRISIISLSO","IRISISRISRISO"]
0031 ["IILISSO","ILILISSO","IIRISSO","IIRISSUO","IIRISSRO","IRIRISSO","IILISSLO","IILISSUO"]
0033 ["IISLISISO","IISRISISO","IISRISISUO","IISRISISRO"]
0035 ["IRIRISSILSO","IRILSILISSO","IILISSUISO","IIRISSUISO","IUISIRISSO","IUISILISSO","IUISIRISSRO","IRIILISSLSO"]
0036 ["ILISIRISSO","IRISILISSO","IIRISSRISO","IILISSLISO","IRISRIRISSO","IRISUILISSO","IRIIRISSUSO","IRISILISSUO"]
0037 ["IRISISIISLSO","IRISISRISISO","IUISISIISLSO","IUISISRISISO","IRISISRISISRO","IISRISISUISO","IISRISISRISO","IRIISRISISUSO"]
003d ["IRISRISILISSO","IRISRISRIRISSO","IRISRISRILISSO","IRISUISIRISSO","IRISIIRISSUSO","IRISIILISSLSO","IRISILISSUISO","IUISIRISSRISO"]
0051 ["IIUISSO","IUIUISSO","IIUISSRO","IIUISSLO"]
0053 ["IIUISSRISO","IRISIUISSO","IIUISSLISO","IRISUIUISSO","IRISIUISSRO","IRISRIUISSO","ILISIUISSO","IUIIUISSLSO"]
0055 ["IISUISISO","IISRIISLSO"]
0057 ["IRISISUISISO","IRISISIISUSO","IRISISRIISLSO","IISRISIISLSO"]
005b ["IRISRISRIUISSO","IRISIUISSILSO","IRISIUISSRISO","IUISIIUISSLSO"]
0071 ["IRIRISILSSO","IIRISRISSO","IUIRISRISSO","IUIRISUISSO","IIRISUISSO","ILIRISILSSO","IIRISRISSRO","IIRISUISSLO"]
0072 ["IIRISILSSO","IRIRISRISSO","ILIRISUISSO","IIRISILSSUO"]
0073 ["IISRISIUISSO","IISLISIRISSO","IISLISIUISSO","IISRISILISSO","IRISISUILISSO","IISRISIUISSRO","IRISISRIUISSO","IISRISILISSUO"]
0075 ["IISUISIRISSO","IISUISILISSO","IRIRISSIISLSO","IISRIILISSLSO"]
0079 ["IIRISRISSRISO","ILISIRISRISSO","IIRISUISSLISO","IRISIRISUISSO","IRISUIRISILSSO","IRISRIRISUISSO","IRISUIRISRISSO","IRISRIRISILSSO"]
007a ["IIRISILSSUISO","IUISIRISILSSO","IRIRISRISSILSO","IRILSIRISUISSO"]
00f1 ["IIRISRISRISSO","ILIRISRISRISSO","IUIRISRISRISSO","IRIRISRISRISSO"]
0111 ["IISISUO","IISISO","IISISLO","IISISRO"]
0112 ["IRISRIUISSCISO","IRISRIUISSCISLO","ILISIISUISSCXO","IRISRIUISSCISRO","IIISUISSLISCO","IIUISSLISCLISO","IUISIISLISSCXO","IIISUISSLISCRO"]
0113 ["IRISISISO","ILISISISO","IISISRISO","IRIISISUSO","IRISISISRO","IUIISISLSO","IISISLISO","IRISISISUO"]
0115 ["IUISISISO","IUISISISRO","IRIISISLSO","IISISUISO"]
0117 ["IRISRISISISO","IRISUISISISO","IRISIISISLSO","IRISISISUISO","IRISRISISISRO","IRISIISISUSO","IRISRIISISLSO","IUISISISRISO"]
011b ["IRISISISILSO","IRISISISRISO","IUISIISISLSO","IRISISISRISRO"]
0122 ["IIIUISSLISSCO","IIRISSRIUISSCO","ILISIUISSCI2RSO","ILISIUISSCIL2SO","IIRISSRIUISSCRO","IIIUISSLISSCLO","IIIUISSLISSCUO","IIIUISSLISSCRO"]
0131 ["IRIISRISSO","IILISSISO","IIRISSISRO","IIRISSISUO","IIRISSISO","ILIISLISSO","IILISSISUO","IILISSISLO"]
0132 ["IRIRISSISO","IIISRISSRO","IIISRISSO","IIISLISSO","IIISLISSLO","IIISLISSUO","ILILISSISO","IIISRISSUO"]
0133 ["IISUIISISLSO","IISRISISISO","IISLISISISO","IISRIISISUSO","IISISRISISO","IISISLISISO","IISRISISISRO","IISRISISISUO"]
0135 ["IUISIRISSISO","IIRISSISUISO","IILISSISUISO","IUISILISSISO","IRILSIISRISSO","IRIILISSISLSO","IUISIRISSISRO","IRILSIISLISSO"]
0136 ["IRISRIRISSISO","IRISUILISSISO","IIISRISSRISO","IRISIISLISSO","IIISLISSLISO","IRISIISLISSUO","IRIIISRISSUSO","ILISIISRISSO"]
0139 ["IRISRIISRISSO","IILISSISLISO","IRISILISSISO","IIRISSISRISO","ILISIRISSISO","IRIIRISSISUSO","IRISILISSISUO","IRISUIISLISSO"]
013a ["IIISLISSUISO","IRIRISSISILSO","IRILSILISSISO","IIISRISSUISO","IUISIISLISSO","IUISIISRISSO","IUISIISRISSRO","IRIIISLISSLSO"]
0151 ["IIUISSISRO","IIUISSISO","IIUISSISLO","IUIISUISSO"]
0153 ["IRISIUISSISO","IRISRIISUISSO","IRISIUISSISRO","ILISIUISSISO","IUIIUISSISLSO","IIUISSISRISO","IIUISSISLISO","IRISUIISUISSO"]
0154 ["IIISUISSRO","IUIUISSISO","IIISUISSO","IIISUISSLO"]
0155 ["IISUISISISO","IISISUISISO","IISUISISISRO","IISRIISISLSO"]
0156 ["IRISRIUISSISO","IRISUIUISSISO","IRISIISUISSRO","IRISIISUISSO","IIISUISSLISO","IIISUISSRISO","ILISIISUISSO","IUIIISUISSLSO"]
0166 ["IIRISSRIUISSCSO","ILILISSIUISSCSO","IIIUISSLISSCSO","IIIUISSLISSCSLO","IIIUISSLISSUCSO","IIIUISSLISSCSRO","ILILISSIUISSCSLO","ILILISSIUISSCSRO"]
0171 ["IIRISRISSISO","IUIRISISUISSO","IUIRISIISUSSO","IIRISUISSISO","ILIRISIISLSSO","IIRISRISSISRO","IIRISUISSISLO","IRIUISISRISSO"]
0172 ["IIRISIISLSSO","IRIRISRISSISO","IIUISISRISSO","ILIRISUISSISO","ILIRISISUISSO","IIRISIISLSSUO","IRIRISIISUSSO","IIUISISRISSUO"]
0174 ["IUIRISRISSISO","IUIRISUISSISO","IIRISIISUSSO","IIRISISUISSO","IIRISIISUSSRO","ILIUISISRISSO","IIRISISUISSLO","IRIRISIISLSSO"]
01aa ["IIILISSUISSCSO","IIUISSRILISSCSO","IIIRISSUISSLCSO","IUIUISSILISSCSO"]
01b1 ["IIRISISILSSO","ILIUISIISLSSO","IIRISISILSSUO","IRIRISISRISSO"]
01b2 ["IUIRISISRISSO","ILIRISISILSSO","IIRISISRISSO","IRIRISISILSSO","IIUISIISLSSO","IIRISISRISSRO","IUIUISIISLSSO","IIUISIISLSSLO"]
0311 ["IISRIRISSO","IISIRISSUO","IISIRISSO","IISLILISSO","IISILISSO","IISILISSUO","IISILISSLO","IISIRISSRO"]
0313 ["IISLISILISSO","IRISISIRISSO","IRISISIRISSRO","IRIISILISSUSO","ILISISILISSO","IISRISIRISSO","IRISISIRISSUO","IUIISILISSLSO"]
0315 ["IUISISIRISSO","IISILISSUISO","IUISISILISSO","IUISISIRISSRO","IISIRISSUISO","IUISISRIRISSO","IRIISILISSLSO","IRIISLSILISSO"]
0319 ["IISIRISSRISO","IRISISILISSO","IRISISRIRISSO","IISILISSLISO","IRISISILISSUO","IRIISIRISSUSO","IUIISLSILISSO","ILISISIRISSO"]
0331 ["IRIISRISSISO","IIISLISSISO","IIISRISSISO","ILIISLISSISO","IIISRISSISRO","IIISLISSISUO","IIISRISSISUO","IIISLISSISLO"]
0334 ["ILISIRISRISSCRSO"]
0351 ["IIUISSIRISSO","IUIILISSUISSO","IIUISSILISSO","IIUISSIRISSRO","IUIIRISSUISSO","IIUISSILISSLO","IIUISSRIRISSO","IIUISSLILISSO"]
0354 ["IIILISSUISSO","IIIRISSUISSO","IIUISSLIRISSO","IUIUISSILISSO","IIILISSUISSRO","IIIRISSUISSLO","IUIUISSIRISSO","IIUISSRILISSO"]
0362 ["IILISSIRISSO","IIRISSILISSO","IIRISSRIRISSO","IRIIRISSRISSO","IIRISSILISSUO","IILISSLILISSO","ILIILISSLISSO","IILISSIRISSUO"]
0364 ["IIIRISSRISSO","IIILISSLISSO","IILISSUIRISSO","ILILISSIRISSO","IIRISSUILISSO","IIIRISSRISSRO","IIILISSLISSLO","IRIRISSILISSO"]
0511 ["IISIUISSRO","IISIUISSO","IISUIUISSO","IISIUISSLO"]
0513 ["IRISISIUISSO","IRISISUIUISSO","IRISISIUISSRO","ILISISIUISSO","IRIISUSIUISSO","IISIUISSRISO","IUIISIUISSLSO","IISIUISSLISO"]
0515 ["IISUISIUISSO","IUISISIUISSO","IRIISIUISSLSO","IUISISIUISSRO"]
0531 ["IILISSIUISSO","IIRISSIUISSO","IILISSUIUISSO","IIRISSUIUISSO","IILISSIUISSLO","IRIIUISSRISSO","IIRISSIUISSRO","ILIIUISSLISSO"]
0532 ["IIIUISSRISSO","IIRISSRIUISSO","IIIUISSLISSO","IILISSLIUISSO","IRIRISSIUISSO","ILILISSIUISSO","IIIUISSRISSUO","IIIUISSLISSUO"]
0551 ["IUIISUISSISO","IIISUISSISO","IIISUISSISRO","IIISUISSISLO"]
0711 ["IISIRISRISSO","IISIRISUISSO","IISLIRISILSSO","IISUIRISUISSO","IISIRISRISSRO","IISUIRISRISSO","IISIRISUISSLO","IISRIRISILSSO"]
0722 ["IISIRISILSSO","IISRIRISRISSO","IISIRISILSSUO","IISLIRISUISSO"]
1111 ["IISISISO","IISISISRO","IISISISUO","IISISISLO"]
1112 ["IUISILISSCLSO","ILISIUISSCUSO","ILISIUISSCUSUO","ILISIUISSCUSLO","ILISIUISSCUSRO","IUISILISSCLSLO","IUISILISSCLSUO","IUISILISSCLSRO"]
1113 ["IRISISISISRO","ILISISISISO","IRISISISISO","IRIISISISUSO","IRISISISISUO","IISISISLISO","IUIISISISLSO","IISISISRISO"]
1115 ["IUISISISISO","IUISISISISRO","IISISISUISO","IRIISISISLSO"]
1116 ["ILISIUISSCUSISO","IRIUISILISSCLSSO","IUISILISSCLSLISO","ILISIUISSCUSISLO","ILISIUISSCUSISUO","ILISIUISSCUSISRO"]
111a ["IUISILISSCLSISO","IRILISIUISSCUSSO","IUISILISSCLSISUO","IUISILISSCLSISRO"]
1122 ["IUIUISSILISSCLSO","ILILISSIUISSCUSO","IIUISILISSCLSUSO","IILISIUISSCUSRSO","IIILISSUISSCR1SO"]
1131 ["IIRISSISISUO","IILISSISISUO","IILISSISISO","IILISSISISLO","IRIISISRISSO","IIRISSISISO","ILIISISLISSO","IIRISSISISRO"]
1132 ["IIISISLISSUO","IRIRISSISISO","IIISISLISSO","IIISISRISSO","ILILISSISISO","IIISISRISSRO","IIISISRISSUO","IIISISLISSLO"]
1151 ["IUIISISUISSO","IIUISSISISO","IIUISSISISLO","IIUISSISISRO"]
1154 ["IUIUISSISISO","IIISISUISSO","IIISISUISSRO","IIISISUISSLO"]
1222 ["IILISSUISCUSO","IRISRIUISSCRSO","IRISRIUISSCRSLO","ILISIUISSC1RSO","IRILSILISSCUSO","IIUISSLISCLSO","IIUISSLISCLSUO","IUISILISSC1USO"]
1223 ["IRISILISSUISCUSO","IIIUISSLISCLSSO","IIIUISSLISCLSSUO","IIIUISSLISCLSSRO"]
1226 ["IRILSILISSCUSISO","IRIILISSUISCUSSO","IUISIIUISSLSCLSO","IIUISSLISCLSUISO"]
122a ["IRISRIUISSCRSISO","IILISSUISCUSISO","IRIIUISSLISCLSSO","IILISSUISCUSISLO","IILISSUISCUSISUO"]
1231 ["IIRISUISSLISCUSO"]
1232 ["IIRISILSSUISCUSO"]
1262 ["IIRISUISSLISCLSO"]
1264 ["IIRISILSSUISCLSO"]
1311 ["IISILISSISO","IISIRISSISO","IISIRISSISRO","IISILISSISUO","IISILISSISLO","IISRIISRISSO","IISLIISLISSO","IISIRISSISUO"]
1312 ["IRISIUISSRCISUSO","IRISIUISSILSCUSO","IIUISSLISC1UISSO"]
1318 ["IUISILISSCLISSO","IUISIRISSRCISRSO","IUISILISSCLISSLO","IUISILISSCLISSUO","IUISILISSCLISSRO"]
1321 ["IRISRISILISSCUSO","IUISIRISSRCISUSO","IIUISSLISC1ISRSO","IIUISSLISCL1ISSO"]
1322 ["IISIISLISSO","IISIISLISSUO","IISIISRISSO","IISIISRISSRO","IISRIRISSISO","IISLILISSISO","IISIISLISSLO","IISIISRISSUO"]
1324 ["IUISILISSCILSSO","IRISIUISSILSCRSO","IRILSILISSC1ISSO","IUISILISSCILSSLO","IUISILISSCILSSUO","IUISILISSCILSSRO"]
1511 ["IISIUISSISO","IISIUISSISLO","IISUIISUISSO","IISIUISSISRO"]
1512 ["ILISIUISSCUISSO","IUISILISSCUISRSO","ILISIUISSCUISSLO","ILISIUISSCUISSUO","ILISIUISSCUISSRO","IILISSUISC1ISLSO","IILISSUISCR1ISSO"]
1542 ["IRISRIUISSC1ISSO","ILISIUISSCIUSSO","IRISIUISSRCILSSO","ILISIUISSCIUSSLO","ILISIUISSCIUSSRO","IIUISSLISC1IRSSO","IILISSUISCL1ISSO"]
1544 ["IISIISUISSO","IISUIUISSISO","IISIISUISSLO","IISIISUISSRO"]
1622 ["IRILSILISSCUISSO","ILISIUISSC1ISRSO","IIUISSLISCRISUSO","IILISSUISCRISRSO"]
1644 ["IRISRIUISSCIUSSO","ILISIUISSC1ISSO","IIUISSLISCILSSO","IUISILISSC1LISSO","ILISIUISSC1ISSLO","ILISIUISSC1ISSRO","IIUISSLISCILSSLO","IIUISSLISCILSSUO"]
1a22 ["IILISSUISCIUSSO","IILISSUISCUISSO","IRILSILISSCILSSO","IUISILISSC1ISSO","IUISILISSC1ISSLO","IUISILISSC1ISSRO","IUISILISSC1ISUSO","IILISSUISCUISSLO"]
3111 ["IISISILISSO","IISISIRISSO","IISISIRISSRO","IISISILISSUO","IISISILISSLO","IISISRIRISSO","IISISLILISSO","IISISIRISSUO"]
3112 ["ILISIRISRISSCUSO"]
3118 ["IUISIRISILSSCLSO"]
5111 ["IISISIUISSO","IISISIUISSLO","IISISUIUISSO","IISISIUISSRO"]

Stats
Calls:  1620268458
Builds: 8874569171
Loops:   279159195
Prunes: 7254300713
Time:     3750.291 seconds

Results
Input data:       [0001,0001,0001,0001,0001]
Number of pieces: 5
Max steps:        14
Shapes found:     648
Unique shapes:    112

Logo not found
